# Made in Blockbench 4.5.2
mtllib Droid.mtl

o cube
v 0.4125000000000001 1.5178000000000003 -0.4124999999999999
v -0.4207499999999999 1.5178000000000003 -0.41250000000000014
v 0.4125000000000001 0.8578000000000001 -0.4124999999999999
v -0.4207499999999999 0.8578000000000001 -0.41250000000000014
v -0.42075000000000007 1.5178000000000003 0.24749999999999994
v 0.4125 1.5178000000000003 0.24750000000000005
v -0.42075000000000007 0.8578000000000001 0.24749999999999994
v 0.4125 0.8578000000000001 0.24750000000000005
vt 0.484375 0.15625
vt 0.640625 0.15625
vt 0.640625 0
vt 0.484375 0
vt 0.28125 0.15625
vt 0.484375 0.15625
vt 0.484375 0
vt 0.28125 0
vt 0.84375 0.15625
vt 1 0.15625
vt 1 0
vt 0.84375 0
vt 0.640625 0.15625
vt 0.84375 0.15625
vt 0.84375 0
vt 0.640625 0
vt 0.640625 0.15625
vt 0.484375 0.15625
vt 0.484375 0.359375
vt 0.640625 0.359375
vt 0.796875 0.359375
vt 0.640625 0.359375
vt 0.640625 0.15625
vt 0.796875 0.15625
vn -1 0 -2.220446049250313e-16
vn 2.220446049250313e-16 0 -1
vn 1 0 2.220446049250313e-16
vn -2.220446049250313e-16 0 1
vn 0 1 0
vn 0 -1 0
usemtl m_0c047623-a5fa-111b-9aa0-fb4ec1ac68df
f 4/4/1 7/3/1 5/2/1 2/1/1
f 3/8/2 4/7/2 2/6/2 1/5/2
f 8/12/3 3/11/3 1/10/3 6/9/3
f 7/16/4 8/15/4 6/14/4 5/13/4
f 6/20/5 1/19/5 2/18/5 5/17/5
f 7/24/6 4/23/6 3/22/6 8/21/6
o cube
v 0.37950000000000017 1.4353000000000002 -0.4949999999999999
v -0.3959999999999998 1.4353000000000002 -0.4950000000000001
v 0.37950000000000017 0.9403000000000001 -0.4949999999999999
v -0.3959999999999998 0.9403000000000001 -0.4950000000000001
v -0.3959999999999998 1.4353000000000002 -0.41250000000000014
v 0.37950000000000017 1.4353000000000002 -0.4124999999999999
v -0.3959999999999998 0.9403000000000001 -0.41250000000000014
v 0.37950000000000017 0.9403000000000001 -0.4124999999999999
vt 0.25 0.109375
vt 0.265625 0.109375
vt 0.265625 0
vt 0.25 0
vt 0.0625 0.109375
vt 0.25 0.109375
vt 0.25 0
vt 0.0625 0
vt 0.453125 0.109375
vt 0.46875 0.109375
vt 0.46875 0
vt 0.453125 0
vt 0.265625 0.109375
vt 0.453125 0.109375
vt 0.453125 0
vt 0.265625 0
vt 0.265625 0.109375
vt 0.25 0.109375
vt 0.25 0.296875
vt 0.265625 0.296875
vt 0.28125 0.296875
vt 0.265625 0.296875
vt 0.265625 0.109375
vt 0.28125 0.109375
vn -1 0 -2.220446049250313e-16
vn 2.220446049250313e-16 0 -1
vn 1 0 2.220446049250313e-16
vn -2.220446049250313e-16 0 1
vn 0 1 0
vn 0 -1 0
usemtl m_0c047623-a5fa-111b-9aa0-fb4ec1ac68df
f 12/28/7 15/27/7 13/26/7 10/25/7
f 11/32/8 12/31/8 10/30/8 9/29/8
f 16/36/9 11/35/9 9/34/9 14/33/9
f 15/40/10 16/39/10 14/38/10 13/37/10
f 14/44/11 9/43/11 10/42/11 13/41/11
f 15/48/12 12/47/12 11/46/12 16/45/12
o cube
v -0.42075000000000007 1.5178000000000003 0.24749999999999994
v -0.42075000000000007 1.5178000000000003 0.24749999999999994
v -0.42075000000000007 0.8578000000000001 0.24749999999999994
v -0.42075000000000007 0.8578000000000001 0.24749999999999994
v -0.4207500000000002 1.5178000000000003 0.825
v -0.4207500000000002 1.5178000000000003 0.825
v -0.4207500000000002 0.8578000000000001 0.825
v -0.4207500000000002 0.8578000000000001 0.825
vt 0.71875 1
vt 0.859375 1
vt 0.859375 0.84375
vt 0.71875 0.84375
vt 0.71875 1
vt 0.71875 1
vt 0.71875 0.84375
vt 0.71875 0.84375
vt 0.859375 1
vt 1 1
vt 1 0.84375
vt 0.859375 0.84375
vt 0.859375 1
vt 0.859375 1
vt 0.859375 0.84375
vt 0.859375 0.84375
vt 0.859375 1
vt 0.71875 1
vt 0.71875 1
vt 0.859375 1
vt 1 1
vt 0.859375 1
vt 0.859375 1
vt 1 1
vn -1 0 -2.220446049250313e-16
vn 2.220446049250313e-16 0 -1
vn 1 0 2.220446049250313e-16
vn -2.220446049250313e-16 0 1
vn 0 1 0
vn 0 -1 0
usemtl m_0c047623-a5fa-111b-9aa0-fb4ec1ac68df
f 20/52/13 23/51/13 21/50/13 18/49/13
f 19/56/14 20/55/14 18/54/14 17/53/14
f 24/60/15 19/59/15 17/58/15 22/57/15
f 23/64/16 24/63/16 22/62/16 21/61/16
f 22/68/17 17/67/17 18/66/17 21/65/17
f 23/72/18 20/71/18 19/70/18 24/69/18
o cube
v -0.42074999999999996 1.5178000000000003 0.24749999999999994
v -0.42074999999999996 1.5178000000000003 0.24749999999999994
v 0.4125000000000001 1.5178000000000003 0.24750000000000005
v 0.4125000000000001 1.5178000000000003 0.24750000000000005
v -0.42075000000000007 1.5178000000000003 0.825
v -0.42075000000000007 1.5178000000000003 0.825
v 0.4125000000000001 1.5178000000000003 0.8250000000000002
v 0.4125000000000001 1.5178000000000003 0.8250000000000002
vt 0.4375 1
vt 0.578125 1
vt 0.578125 0.796875
vt 0.4375 0.796875
vt 0.4375 1
vt 0.4375 1
vt 0.4375 0.796875
vt 0.4375 0.796875
vt 0.578125 1
vt 0.71875 1
vt 0.71875 0.796875
vt 0.578125 0.796875
vt 0.578125 1
vt 0.578125 1
vt 0.578125 0.796875
vt 0.578125 0.796875
vt 0.578125 1
vt 0.4375 1
vt 0.4375 1
vt 0.578125 1
vt 0.71875 1
vt 0.578125 1
vt 0.578125 1
vt 0.71875 1
vn -2.220446049250313e-16 -1 -4.930380657631324e-32
vn 2.220446049250313e-16 0 -1
vn 2.220446049250313e-16 1 4.930380657631324e-32
vn -2.220446049250313e-16 0 1
vn -1 2.220446049250313e-16 -2.220446049250313e-16
vn 1 -2.220446049250313e-16 2.220446049250313e-16
usemtl m_0c047623-a5fa-111b-9aa0-fb4ec1ac68df
f 28/76/19 31/75/19 29/74/19 26/73/19
f 27/80/20 28/79/20 26/78/20 25/77/20
f 32/84/21 27/83/21 25/82/21 30/81/21
f 31/88/22 32/87/22 30/86/22 29/85/22
f 30/92/23 25/91/23 26/90/23 29/89/23
f 31/96/24 28/95/24 27/94/24 32/93/24
o cube
v 0.41105884182310115 1.4353000000000002 -0.4068851391559958
v 0.38002051381629665 1.4353000000000002 -0.4921622444923172
v 0.41105884182310115 0.9403000000000001 -0.4068851391559958
v 0.38002051381629665 0.9403000000000001 -0.4921622444923172
v 0.23272369550810523 1.4353000000000002 -0.43855058702601857
v 0.26376202351490974 1.4353000000000002 -0.35327348168969713
v 0.23272369550810523 0.9403000000000001 -0.43855058702601857
v 0.26376202351490974 0.9403000000000001 -0.35327348168969713
vt 0.375 0.2714375
vt 0.40625 0.2714375
vt 0.40625 0.1620625
vt 0.375 0.1620625
vt 0.359375 0.2714375
vt 0.375 0.2714375
vt 0.375 0.1620625
vt 0.359375 0.1620625
vt 0.421875 0.2714375
vt 0.453125 0.2714375
vt 0.453125 0.1620625
vt 0.421875 0.1620625
vt 0.40625 0.2714375
vt 0.421875 0.2714375
vt 0.421875 0.1620625
vt 0.40625 0.1620625
vt 0.40625 0.2714375
vt 0.375 0.2714375
vt 0.375 0.2870625
vt 0.40625 0.2870625
vt 0.4375 0.2870625
vt 0.40625 0.2870625
vt 0.40625 0.2714375
vt 0.4375 0.2714375
vn -0.34202014332566866 0 -0.9396926207859084
vn 0.9396926207859084 0 -0.34202014332566866
vn 0.34202014332566866 0 0.9396926207859084
vn -0.9396926207859084 0 0.34202014332566866
vn 0 1 0
vn 0 -1 0
usemtl m_0c047623-a5fa-111b-9aa0-fb4ec1ac68df
f 36/100/25 39/99/25 37/98/25 34/97/25
f 35/104/26 36/103/26 34/102/26 33/101/26
f 40/108/27 35/107/27 33/106/27 38/105/27
f 39/112/28 40/111/28 38/110/28 37/109/28
f 38/116/29 33/115/29 34/114/29 37/113/29
f 39/120/30 36/119/30 35/118/30 40/117/30
o cube
v 0.37950000000000017 1.4332273844268824 -0.4943788755225828
v -0.39599999999999996 1.4332273844268824 -0.494378875522583
v 0.37950000000000017 1.4050107226025146 -0.4168542343077454
v -0.39599999999999996 1.4050107226025146 -0.41685423430774554
v -0.39599999999999996 1.5340094180061712 -0.45769721515090495
v 0.37950000000000017 1.5340094180061712 -0.4576972151509048
v -0.39599999999999996 1.5057927561818034 -0.38017257393606746
v 0.37950000000000017 1.5057927561818034 -0.3801725739360673
vt 0.3086249999999998 0.386375
vt 0.3242499999999998 0.386375
vt 0.3242499999999998 0.37075
vt 0.3086249999999998 0.37075
vt 0.12112499999999982 0.386375
vt 0.3086249999999998 0.386375
vt 0.3086249999999998 0.37075
vt 0.12112499999999982 0.37075
vt 0.5117499999999998 0.386375
vt 0.5273749999999998 0.386375
vt 0.5273749999999998 0.37075
vt 0.5117499999999998 0.37075
vt 0.3242499999999998 0.386375
vt 0.5117499999999998 0.386375
vt 0.5117499999999998 0.37075
vt 0.3242499999999998 0.37075
vt 0.3242499999999998 0.386375
vt 0.3086249999999998 0.386375
vt 0.3086249999999998 0.573875
vt 0.3242499999999998 0.573875
vt 0.3398749999999998 0.573875
vt 0.3242499999999998 0.573875
vt 0.3242499999999998 0.386375
vt 0.3398749999999998 0.386375
vn -1 0 -2.220446049250313e-16
vn 7.594372760115073e-17 -0.9396926207859083 -0.3420201433256689
vn 1 0 2.220446049250313e-16
vn -7.594372760115073e-17 0.9396926207859083 0.3420201433256689
vn 2.0865367673337428e-16 0.3420201433256689 -0.9396926207859083
vn -2.0865367673337428e-16 -0.3420201433256689 0.9396926207859083
usemtl m_0c047623-a5fa-111b-9aa0-fb4ec1ac68df
f 44/124/31 47/123/31 45/122/31 42/121/31
f 43/128/32 44/127/32 42/126/32 41/125/32
f 48/132/33 43/131/33 41/130/33 46/129/33
f 47/136/34 48/135/34 46/134/34 45/133/34
f 46/140/35 41/139/35 42/138/35 45/137/35
f 47/144/36 44/143/36 43/142/36 48/141/36
o cube
v 0.37950000000000017 0.9692886903714673 -0.41857792981585024
v -0.39599999999999996 0.9692886903714673 -0.4185779298158504
v 0.37950000000000017 0.9410720285470997 -0.4961025710306876
v -0.39599999999999996 0.9410720285470997 -0.4961025710306878
v -0.396 0.8685066567921784 -0.3818962694441724
v 0.37950000000000017 0.8685066567921784 -0.3818962694441722
v -0.39599999999999996 0.8402899949678109 -0.4594209106590097
v 0.37950000000000017 0.8402899949678109 -0.45942091065900953
vt 0.3086249999999998 0.386375
vt 0.3242499999999998 0.386375
vt 0.3242499999999998 0.37075
vt 0.3086249999999998 0.37075
vt 0.12112499999999982 0.386375
vt 0.3086249999999998 0.386375
vt 0.3086249999999998 0.37075
vt 0.12112499999999982 0.37075
vt 0.5117499999999998 0.386375
vt 0.5273749999999998 0.386375
vt 0.5273749999999998 0.37075
vt 0.5117499999999998 0.37075
vt 0.3242499999999998 0.386375
vt 0.5117499999999998 0.386375
vt 0.5117499999999998 0.37075
vt 0.3242499999999998 0.37075
vt 0.3242499999999998 0.386375
vt 0.3086249999999998 0.386375
vt 0.3086249999999998 0.573875
vt 0.3242499999999998 0.573875
vt 0.3398749999999998 0.573875
vt 0.3242499999999998 0.573875
vt 0.3242499999999998 0.386375
vt 0.3398749999999998 0.386375
vn -1 0 -2.220446049250313e-16
vn 7.594372760115073e-17 0.9396926207859083 -0.3420201433256689
vn 1 0 2.220446049250313e-16
vn -7.594372760115073e-17 -0.9396926207859083 0.3420201433256689
vn -2.0865367673337428e-16 0.3420201433256689 0.9396926207859083
vn 2.0865367673337428e-16 -0.3420201433256689 -0.9396926207859083
usemtl m_0c047623-a5fa-111b-9aa0-fb4ec1ac68df
f 52/148/37 55/147/37 53/146/37 50/145/37
f 51/152/38 52/151/38 50/150/38 49/149/38
f 56/156/39 51/155/39 49/154/39 54/153/39
f 55/160/40 56/159/40 54/158/40 53/157/40
f 54/164/41 49/163/41 50/162/41 53/161/41
f 55/168/42 52/167/42 51/166/42 56/165/42
o cube
v -0.39596690427877407 1.4353000000000002 -0.4923615451384039
v -0.42418356610314184 1.4353000000000002 -0.4148369039235662
v -0.39596690427877407 0.9403000000000001 -0.4923615451384039
v -0.42418356610314184 0.9403000000000001 -0.4148369039235662
v -0.26913428367346687 1.4353000000000002 -0.3584035802748308
v -0.2409176218490991 1.4353000000000002 -0.4359282214896685
v -0.26913428367346687 0.9403000000000001 -0.3584035802748308
v -0.2409176218490991 0.9403000000000001 -0.4359282214896685
vt 0.37624999999999975 0.26937500000000014
vt 0.40749999999999975 0.26937500000000014
vt 0.40749999999999975 0.16000000000000014
vt 0.37624999999999975 0.16000000000000014
vt 0.36062499999999975 0.26937500000000014
vt 0.37624999999999975 0.26937500000000014
vt 0.37624999999999975 0.16000000000000014
vt 0.36062499999999975 0.16000000000000014
vt 0.42312499999999975 0.26937500000000014
vt 0.45437499999999975 0.26937500000000014
vt 0.45437499999999975 0.16000000000000014
vt 0.42312499999999975 0.16000000000000014
vt 0.40749999999999975 0.26937500000000014
vt 0.42312499999999975 0.26937500000000014
vt 0.42312499999999975 0.16000000000000014
vt 0.40749999999999975 0.16000000000000014
vt 0.40749999999999975 0.26937500000000014
vt 0.37624999999999975 0.26937500000000014
vt 0.37624999999999975 0.28500000000000014
vt 0.40749999999999975 0.28500000000000014
vt 0.43874999999999975 0.28500000000000014
vt 0.40749999999999975 0.28500000000000014
vt 0.40749999999999975 0.26937500000000014
vt 0.43874999999999975 0.26937500000000014
vn -0.3420201433256691 0 0.9396926207859082
vn -0.9396926207859082 0 -0.3420201433256691
vn 0.3420201433256691 0 -0.9396926207859082
vn 0.9396926207859082 0 0.3420201433256691
vn 0 1 0
vn 0 -1 0
usemtl m_0c047623-a5fa-111b-9aa0-fb4ec1ac68df
f 60/172/43 63/171/43 61/170/43 58/169/43
f 59/176/44 60/175/44 58/174/44 57/173/44
f 64/180/45 59/179/45 57/178/45 62/177/45
f 63/184/46 64/183/46 62/182/46 61/181/46
f 62/188/47 57/187/47 58/186/47 61/185/47
f 63/192/48 60/191/48 59/190/48 64/189/48
o cube
v 0.12375000000000003 0.8986429808431597 -0.12899869540365638
v -0.12374999999999997 0.8986429808431597 -0.12899869540365638
v 0.12375000000000003 0.6428116648341962 -0.03588371138324309
v -0.12374999999999997 0.6428116648341962 -0.03588371138324309
v -0.12375000000000003 1.0143312943230671 0.18885233357717723
v 0.12374999999999992 1.0143312943230671 0.18885233357717723
v -0.12375000000000008 0.7584999783141035 0.2819673175975905
v 0.12374999999999992 0.7584999783141035 0.2819673175975905
vt 0.582125 0.45806250000000004
vt 0.66025 0.45806250000000004
vt 0.66025 0.39556250000000004
vt 0.582125 0.39556250000000004
vt 0.53525 0.45806250000000004
vt 0.582125 0.45806250000000004
vt 0.582125 0.39556250000000004
vt 0.53525 0.39556250000000004
vt 0.707125 0.45806250000000004
vt 0.78525 0.45806250000000004
vt 0.78525 0.39556250000000004
vt 0.707125 0.39556250000000004
vt 0.66025 0.45806250000000004
vt 0.707125 0.45806250000000004
vt 0.707125 0.39556250000000004
vt 0.66025 0.39556250000000004
vt 0.66025 0.45806250000000004
vt 0.582125 0.45806250000000004
vt 0.582125 0.5049375
vt 0.66025 0.5049375
vt 0.738375 0.5049375
vt 0.66025 0.5049375
vt 0.66025 0.45806250000000004
vt 0.738375 0.45806250000000004
vn -1 0 -2.220446049250313e-16
vn 2.086536767333743e-16 -0.34202014332566866 -0.9396926207859084
vn 1 0 2.220446049250313e-16
vn -2.086536767333743e-16 0.34202014332566866 0.9396926207859084
vn 7.594372760115068e-17 0.9396926207859084 -0.34202014332566866
vn -7.594372760115068e-17 -0.9396926207859084 0.34202014332566866
usemtl m_0c047623-a5fa-111b-9aa0-fb4ec1ac68df
f 68/196/49 71/195/49 69/194/49 66/193/49
f 67/200/50 68/199/50 66/198/50 65/197/50
f 72/204/51 67/203/51 65/202/51 70/201/51
f 71/208/52 72/207/52 70/206/52 69/205/52
f 70/212/53 65/211/53 66/210/53 69/209/53
f 71/216/54 68/215/54 67/214/54 72/213/54
o cube
v 0.4125 1.5178000000000003 0.24750000000000005
v 0.4125 1.5178000000000003 0.24750000000000005
v 0.4125 0.8578000000000001 0.24750000000000005
v 0.4125 0.8578000000000001 0.24750000000000005
v 0.41249999999999987 1.5178000000000003 0.8250000000000002
v 0.41249999999999987 1.5178000000000003 0.8250000000000002
v 0.41249999999999987 0.8578000000000001 0.8250000000000002
v 0.41249999999999987 0.8578000000000001 0.8250000000000002
vt 0.71875 0.836875
vt 0.859375 0.836875
vt 0.859375 0.680625
vt 0.71875 0.680625
vt 0.71875 0.836875
vt 0.71875 0.836875
vt 0.71875 0.680625
vt 0.71875 0.680625
vt 0.859375 0.836875
vt 1 0.836875
vt 1 0.680625
vt 0.859375 0.680625
vt 0.859375 0.836875
vt 0.859375 0.836875
vt 0.859375 0.680625
vt 0.859375 0.680625
vt 0.859375 0.836875
vt 0.71875 0.836875
vt 0.71875 0.836875
vt 0.859375 0.836875
vt 1 0.836875
vt 0.859375 0.836875
vt 0.859375 0.836875
vt 1 0.836875
vn -1 0 -2.220446049250313e-16
vn 2.220446049250313e-16 0 -1
vn 1 0 2.220446049250313e-16
vn -2.220446049250313e-16 0 1
vn 0 1 0
vn 0 -1 0
usemtl m_0c047623-a5fa-111b-9aa0-fb4ec1ac68df
f 76/220/55 79/219/55 77/218/55 74/217/55
f 75/224/56 76/223/56 74/222/56 73/221/56
f 80/228/57 75/227/57 73/226/57 78/225/57
f 79/232/58 80/231/58 78/230/58 77/229/58
f 78/236/59 73/235/59 74/234/59 77/233/59
f 79/240/60 76/239/60 75/238/60 80/237/60
o cube
v 0.41390522651236206 0.45134778787142515 -0.36651862655448536
v 0.27436087232565465 0.45134778787142527 -0.4173086178383471
v 0.3864216819138694 0.3466251469529822 -0.29100820836355284
v 0.24687732772716198 0.3466251469529822 -0.3417981996474146
v 0.11766039195404299 0.8029075131239614 0.013222413600348926
v 0.2572047461407504 0.8029075131239614 0.06401240488421056
v 0.09017684735555043 0.6981848722055184 0.08873283179128144
v 0.22972120154225784 0.6981848722055184 0.13952282307514308
vt 0.03125 0.609375
vt 0.171875 0.609375
vt 0.171875 0.578125
vt 0.03125 0.578125
vt 0 0.609375
vt 0.03125 0.609375
vt 0.03125 0.578125
vt 0 0.578125
vt 0.203125 0.609375
vt 0.34375 0.609375
vt 0.34375 0.578125
vt 0.203125 0.578125
vt 0.171875 0.609375
vt 0.203125 0.609375
vt 0.203125 0.578125
vt 0.171875 0.578125
vt 0.171875 0.609375
vt 0.03125 0.609375
vt 0.03125 0.640625
vt 0.171875 0.640625
vt 0.3125 0.640625
vt 0.171875 0.640625
vt 0.171875 0.609375
vt 0.3125 0.609375
vn -0.9396926207859088 2.2204460492503136e-16 -0.34202014332566827
vn 0.27134282315430575 -0.6087614290087207 -0.7455082795475255
vn 0.9396926207859088 -2.2204460492503136e-16 0.34202014332566827
vn -0.27134282315430575 0.6087614290087207 0.7455082795475255
vn 0.20820867120070147 0.7933533402912353 -0.5720486226585795
vn -0.20820867120070147 -0.7933533402912353 0.5720486226585795
usemtl m_0c047623-a5fa-111b-9aa0-fb4ec1ac68df
f 84/244/61 87/243/61 85/242/61 82/241/61
f 83/248/62 84/247/62 82/246/62 81/245/62
f 88/252/63 83/251/63 81/250/63 86/249/63
f 87/256/64 88/255/64 86/254/64 85/253/64
f 86/260/65 81/259/65 82/258/65 85/257/65
f 87/264/66 84/263/66 83/262/66 88/261/66
o cube
v 0.5580216913675964 0.6070195184794125 -0.7865967458172135
v 0.43398226542385643 0.6070195184794125 -0.8317434047362017
v 0.5682459046247053 0.4954550855430252 -0.8146875408728091
v 0.4442064786809654 0.4954550855430253 -0.8598341997917973
v 0.2431958487091057 0.45755151993270693 -0.3075620328737637
v 0.36723527465284567 0.4575515199327068 -0.2624153739547755
v 0.2534200619662148 0.3459870869963195 -0.33565282792935935
v 0.37745948790995465 0.3459870869963195 -0.29050616901037113
vt 0.03125 0.671875
vt 0.171875 0.671875
vt 0.171875 0.65625
vt 0.03125 0.65625
vt 0 0.671875
vt 0.03125 0.671875
vt 0.03125 0.65625
vt 0 0.65625
vt 0.203125 0.671875
vt 0.34375 0.671875
vt 0.34375 0.65625
vt 0.203125 0.65625
vt 0.171875 0.671875
vt 0.203125 0.671875
vt 0.203125 0.65625
vt 0.171875 0.65625
vt 0.171875 0.671875
vt 0.03125 0.671875
vt 0.03125 0.703125
vt 0.171875 0.703125
vt 0.3125 0.703125
vt 0.171875 0.703125
vt 0.171875 0.671875
vt 0.3125 0.671875
vn -0.9396926207859086 2.636779683484747e-16 -0.3420201433256683
vn 0.3303660895493517 0.25881904510252074 -0.9076733711903688
vn 0.9396926207859086 -2.636779683484747e-16 0.3420201433256683
vn -0.3303660895493517 -0.25881904510252074 0.9076733711903688
vn -0.08852132690137653 0.9659258262890683 0.24321034680169407
vn 0.08852132690137653 -0.9659258262890683 -0.24321034680169407
usemtl m_0c047623-a5fa-111b-9aa0-fb4ec1ac68df
f 92/268/67 95/267/67 93/266/67 90/265/67
f 91/272/68 92/271/68 90/270/68 89/269/68
f 96/276/69 91/275/69 89/274/69 94/273/69
f 95/280/70 96/279/70 94/278/70 93/277/70
f 94/284/71 89/283/71 90/282/71 93/281/71
f 95/288/72 92/287/72 91/286/72 96/285/72
o cube
v 0.5863494058226362 0.535179945321302 -0.9367906605312308
v 0.508824764607799 0.535179945321302 -0.9650073223555985
v 0.5682120852152175 0.4719812787639863 -0.886958781712939
v 0.4906874440003801 0.4719812787639863 -0.9151754435373065
v 0.4526252004235959 0.6730578875990649 -0.8106002887763096
v 0.5301498416384334 0.6730578875990649 -0.7823836269519421
v 0.4344878798161772 0.6098592210417491 -0.7607684099580176
v 0.5120125210310147 0.6098592210417491 -0.7325517481336501
vt 0.734375 0.578125
vt 0.78125 0.578125
vt 0.78125 0.5625
vt 0.734375 0.5625
vt 0.71875 0.578125
vt 0.734375 0.578125
vt 0.734375 0.5625
vt 0.71875 0.5625
vt 0.796875 0.578125
vt 0.84375 0.578125
vt 0.84375 0.5625
vt 0.796875 0.5625
vt 0.78125 0.578125
vt 0.796875 0.578125
vt 0.796875 0.5625
vt 0.78125 0.5625
vt 0.78125 0.578125
vt 0.734375 0.578125
vt 0.734375 0.59375
vt 0.78125 0.59375
vt 0.828125 0.59375
vt 0.78125 0.59375
vt 0.78125 0.578125
vt 0.828125 0.578125
vn -0.9396926207859086 1.942890293094024e-16 -0.34202014332566827
vn 0.26200263022938436 -0.6427876096865394 -0.7198463103929543
vn 0.9396926207859086 -1.942890293094024e-16 0.34202014332566827
vn -0.26200263022938436 0.6427876096865394 0.7198463103929543
vn 0.21984631039295405 0.766044443118978 -0.6040227735550537
vn -0.21984631039295405 -0.766044443118978 0.6040227735550537
usemtl m_0c047623-a5fa-111b-9aa0-fb4ec1ac68df
f 100/292/73 103/291/73 101/290/73 98/289/73
f 99/296/74 100/295/74 98/294/74 97/293/74
f 104/300/75 99/299/75 97/298/75 102/297/75
f 103/304/76 104/303/76 102/302/76 101/301/76
f 102/308/77 97/307/77 98/306/77 101/305/77
f 103/312/78 100/311/78 99/310/78 104/309/78
o cube
v 0.5617765795753491 0.39266161046694825 -0.989884306791355
v 0.5799139001827678 0.4558602770242639 -1.0397161856096468
v 0.5617765795753491 0.39266161046694825 -0.989884306791355
v 0.5799139001827678 0.4558602770242639 -1.0397161856096468
v 0.5453295529924891 0.5407082415028872 -0.9446964726377768
v 0.5271922323850704 0.47750957494557156 -0.8948645938194849
v 0.5453295529924891 0.5407082415028872 -0.9446964726377768
v 0.5271922323850704 0.47750957494557156 -0.8948645938194849
vt 0.09375 0.1875
vt 0.125 0.1875
vt 0.125 0.1875
vt 0.09375 0.1875
vt 0.078125 0.1875
vt 0.09375 0.1875
vt 0.09375 0.1875
vt 0.078125 0.1875
vt 0.140625 0.1875
vt 0.171875 0.1875
vt 0.171875 0.1875
vt 0.140625 0.1875
vt 0.125 0.1875
vt 0.140625 0.1875
vt 0.140625 0.1875
vt 0.125 0.1875
vt 0.125 0.1875
vt 0.09375 0.1875
vt 0.09375 0.203125
vt 0.125 0.203125
vt 0.15625 0.203125
vt 0.125 0.203125
vt 0.125 0.1875
vt 0.15625 0.1875
vn 0.21984631039295355 0.7660444431189783 -0.6040227735550538
vn 0.26200263022938447 -0.6427876096865393 -0.7198463103929544
vn -0.21984631039295355 -0.7660444431189783 0.6040227735550538
vn -0.26200263022938447 0.6427876096865393 0.7198463103929544
vn 0.9396926207859086 1.942890293094024e-16 0.34202014332566794
vn -0.9396926207859086 -1.942890293094024e-16 -0.34202014332566794
usemtl m_0c047623-a5fa-111b-9aa0-fb4ec1ac68df
f 108/316/79 111/315/79 109/314/79 106/313/79
f 107/320/80 108/319/80 106/318/80 105/317/80
f 112/324/81 107/323/81 105/322/81 110/321/81
f 111/328/82 112/327/82 110/326/82 109/325/82
f 110/332/83 105/331/83 106/330/83 109/329/83
f 111/336/84 108/335/84 107/334/84 112/333/84
o cube
v 0.6096075604864772 0.4242609437456062 -1.0006919152883171
v 0.5320829192716399 0.4242609437456062 -1.0289085771126847
v 0.6096075604864772 0.4242609437456062 -1.0006919152883171
v 0.5320829192716399 0.4242609437456062 -1.0289085771126847
v 0.49749857208136106 0.5091089082242295 -0.9338888641408147
v 0.5750232132961985 0.5091089082242293 -0.9056722023164472
v 0.49749857208136106 0.5091089082242295 -0.9338888641408147
v 0.5750232132961985 0.5091089082242293 -0.9056722023164472
vt 0.09375 0.1875
vt 0.125 0.1875
vt 0.125 0.1875
vt 0.09375 0.1875
vt 0.078125 0.1875
vt 0.09375 0.1875
vt 0.09375 0.1875
vt 0.078125 0.1875
vt 0.140625 0.1875
vt 0.171875 0.1875
vt 0.171875 0.1875
vt 0.140625 0.1875
vt 0.125 0.1875
vt 0.140625 0.1875
vt 0.140625 0.1875
vt 0.125 0.1875
vt 0.125 0.1875
vt 0.09375 0.1875
vt 0.09375 0.203125
vt 0.125 0.203125
vt 0.15625 0.203125
vt 0.125 0.203125
vt 0.125 0.1875
vt 0.15625 0.1875
vn -0.9396926207859086 1.942890293094024e-16 -0.34202014332566827
vn 0.26200263022938436 -0.6427876096865394 -0.7198463103929543
vn 0.9396926207859086 -1.942890293094024e-16 0.34202014332566827
vn -0.26200263022938436 0.6427876096865394 0.7198463103929543
vn 0.21984631039295405 0.766044443118978 -0.6040227735550537
vn -0.21984631039295405 -0.766044443118978 0.6040227735550537
usemtl m_0c047623-a5fa-111b-9aa0-fb4ec1ac68df
f 116/340/85 119/339/85 117/338/85 114/337/85
f 115/344/86 116/343/86 114/342/86 113/341/86
f 120/348/87 115/347/87 113/346/87 118/345/87
f 119/352/88 120/351/88 118/350/88 117/349/88
f 118/356/89 113/355/89 114/354/89 117/353/89
f 119/360/90 116/359/90 115/358/90 120/357/90
o cube
v 0.5899010095177277 0.401998299387227 -0.9896854540004489
v 0.5472289354785604 0.44827960534797384 -1.043008852389557
v 0.5899010095177277 0.401998299387227 -0.9896854540004489
v 0.5472289354785604 0.44827960534797384 -1.043008852389557
v 0.5161192814401514 0.5317896519264154 -0.9456319478070172
v 0.5587913554793187 0.4855083459656684 -0.892308549417909
v 0.5161192814401514 0.5317896519264154 -0.9456319478070172
v 0.5587913554793187 0.4855083459656684 -0.892308549417909
vt 0.09375 0.1875
vt 0.125 0.1875
vt 0.125 0.1875
vt 0.09375 0.1875
vt 0.078125 0.1875
vt 0.09375 0.1875
vt 0.09375 0.1875
vt 0.078125 0.1875
vt 0.140625 0.1875
vt 0.171875 0.1875
vt 0.171875 0.1875
vt 0.140625 0.1875
vt 0.125 0.1875
vt 0.140625 0.1875
vt 0.140625 0.1875
vt 0.125 0.1875
vt 0.125 0.1875
vt 0.09375 0.1875
vt 0.09375 0.203125
vt 0.125 0.203125
vt 0.15625 0.203125
vt 0.125 0.203125
vt 0.125 0.1875
vt 0.15625 0.1875
vn -0.5172372610808186 0.5609855267969314 -0.6463442228982811
vn 0.23567919726067482 -0.6326518680184952 -0.7377038225949982
vn 0.5172372610808186 -0.5609855267969314 0.6463442228982811
vn -0.23567919726067482 0.6326518680184952 0.7377038225949982
vn 0.822752047538125 0.5338977922946284 -0.19501850080119235
vn -0.822752047538125 -0.5338977922946284 0.19501850080119235
usemtl m_0c047623-a5fa-111b-9aa0-fb4ec1ac68df
f 124/364/91 127/363/91 125/362/91 122/361/91
f 123/368/92 124/367/92 122/366/92 121/365/92
f 128/372/93 123/371/93 121/370/93 126/369/93
f 127/376/94 128/375/94 126/374/94 125/373/94
f 126/380/95 121/379/95 122/378/95 125/377/95
f 127/384/96 124/383/96 123/382/96 128/381/96
o cube
v 0.5346264505371963 0.4031156684354471 -1.008302640036954
v 0.6025034944590919 0.4471622362997538 -1.0243916663530521
v 0.5346264505371963 0.4031156684354471 -1.008302640036954
v 0.6025034944590919 0.4471622362997538 -1.0243916663530521
v 0.5713938404206826 0.5306722828781951 -0.9270147617705122
v 0.5035167964987872 0.4866257150138884 -0.910925735454414
v 0.5713938404206826 0.5306722828781951 -0.9270147617705122
v 0.5035167964987872 0.4866257150138884 -0.910925735454414
vt 0.09375 0.1875
vt 0.125 0.1875
vt 0.125 0.1875
vt 0.09375 0.1875
vt 0.078125 0.1875
vt 0.09375 0.1875
vt 0.09375 0.1875
vt 0.078125 0.1875
vt 0.140625 0.1875
vt 0.171875 0.1875
vt 0.171875 0.1875
vt 0.140625 0.1875
vt 0.125 0.1875
vt 0.140625 0.1875
vt 0.140625 0.1875
vt 0.125 0.1875
vt 0.125 0.1875
vt 0.09375 0.1875
vt 0.09375 0.203125
vt 0.125 0.203125
vt 0.15625 0.203125
vt 0.125 0.203125
vt 0.125 0.1875
vt 0.15625 0.1875
vn 0.8227520475381263 0.5338977922946273 -0.1950185008011911
vn 0.23567919726067477 -0.632651868018495 -0.7377038225949983
vn -0.8227520475381263 -0.5338977922946273 0.1950185008011911
vn -0.23567919726067477 0.632651868018495 0.7377038225949983
vn 0.5172372610808169 -0.5609855267969323 0.6463442228982814
vn -0.5172372610808169 0.5609855267969323 -0.6463442228982814
usemtl m_0c047623-a5fa-111b-9aa0-fb4ec1ac68df
f 132/388/97 135/387/97 133/386/97 130/385/97
f 131/392/98 132/391/98 130/390/98 129/389/98
f 136/396/99 131/395/99 129/394/99 134/393/99
f 135/400/100 136/399/100 134/398/100 133/397/100
f 134/404/101 129/403/101 130/402/101 133/401/101
f 135/408/102 132/407/102 131/406/102 136/405/102
o cube
v -0.2743608723256543 0.4513477878714254 -0.41730861783834716
v -0.4139052265123618 0.45134778787142527 -0.3665186265544855
v -0.24687732772716187 0.3466251469529822 -0.34179819964741476
v -0.3864216819138693 0.3466251469529822 -0.2910082083635531
v -0.2572047461407505 0.8029075131239614 0.06401240488421056
v -0.11766039195404304 0.8029075131239614 0.013222413600348926
v -0.22972120154225795 0.6981848722055184 0.13952282307514297
v -0.09017684735555054 0.6981848722055184 0.08873283179128133
vt 0.03125 0.609375
vt 0.171875 0.609375
vt 0.171875 0.578125
vt 0.03125 0.578125
vt 0 0.609375
vt 0.03125 0.609375
vt 0.03125 0.578125
vt 0 0.578125
vt 0.203125 0.609375
vt 0.34375 0.609375
vt 0.34375 0.578125
vt 0.203125 0.578125
vt 0.171875 0.609375
vt 0.203125 0.609375
vt 0.203125 0.578125
vt 0.171875 0.578125
vt 0.171875 0.609375
vt 0.03125 0.609375
vt 0.03125 0.640625
vt 0.171875 0.640625
vt 0.3125 0.640625
vt 0.171875 0.640625
vt 0.171875 0.609375
vt 0.3125 0.609375
vn -0.9396926207859089 -2.2204460492503136e-16 0.34202014332566777
vn -0.27134282315430547 -0.6087614290087207 -0.7455082795475257
vn 0.9396926207859089 2.2204460492503136e-16 -0.34202014332566777
vn 0.27134282315430547 0.6087614290087207 0.7455082795475257
vn -0.20820867120070102 0.7933533402912352 -0.5720486226585797
vn 0.20820867120070102 -0.7933533402912352 0.5720486226585797
usemtl m_0c047623-a5fa-111b-9aa0-fb4ec1ac68df
f 140/412/103 143/411/103 141/410/103 138/409/103
f 139/416/104 140/415/104 138/414/104 137/413/104
f 144/420/105 139/419/105 137/418/105 142/417/105
f 143/424/106 144/423/106 142/422/106 141/421/106
f 142/428/107 137/427/107 138/426/107 141/425/107
f 143/432/108 140/431/108 139/430/108 144/429/108
o cube
v -0.4339822654238561 0.6070195184794125 -0.831743404736202
v -0.558021691367596 0.6070195184794125 -0.7865967458172138
v -0.4442064786809651 0.4954550855430253 -0.8598341997917978
v -0.568245904624705 0.4954550855430253 -0.8146875408728096
v -0.3672352746528457 0.45755151993270693 -0.26241537395477577
v -0.24319584870910577 0.45755151993270693 -0.30756203287376394
v -0.3774594879099547 0.3459870869963195 -0.29050616901037146
v -0.25342006196621475 0.3459870869963195 -0.3356528279293596
vt 0.03125 0.671875
vt 0.171875 0.671875
vt 0.171875 0.65625
vt 0.03125 0.65625
vt 0 0.671875
vt 0.03125 0.671875
vt 0.03125 0.65625
vt 0 0.65625
vt 0.203125 0.671875
vt 0.34375 0.671875
vt 0.34375 0.65625
vt 0.203125 0.65625
vt 0.171875 0.671875
vt 0.203125 0.671875
vt 0.203125 0.65625
vt 0.171875 0.65625
vt 0.171875 0.671875
vt 0.03125 0.671875
vt 0.03125 0.703125
vt 0.171875 0.703125
vt 0.3125 0.703125
vt 0.171875 0.703125
vt 0.171875 0.671875
vt 0.3125 0.671875
vn -0.9396926207859088 -2.220446049250313e-16 0.3420201433256677
vn -0.3303660895493512 0.2588190451025208 -0.9076733711903691
vn 0.9396926207859088 2.220446049250313e-16 -0.3420201433256677
vn 0.3303660895493512 -0.2588190451025208 0.9076733711903691
vn 0.08852132690137648 0.9659258262890683 0.24321034680169407
vn -0.08852132690137648 -0.9659258262890683 -0.24321034680169407
usemtl m_0c047623-a5fa-111b-9aa0-fb4ec1ac68df
f 148/436/109 151/435/109 149/434/109 146/433/109
f 147/440/110 148/439/110 146/438/110 145/437/110
f 152/444/111 147/443/111 145/442/111 150/441/111
f 151/448/112 152/447/112 150/446/112 149/445/112
f 150/452/113 145/451/113 146/450/113 149/449/113
f 151/456/114 148/455/114 147/454/114 152/453/114
o cube
v -0.5088247646077985 0.5351799453213022 -0.965007322355599
v -0.586349405822636 0.5351799453213022 -0.9367906605312315
v -0.4906874440003798 0.47198127876398643 -0.9151754435373071
v -0.5682120852152173 0.47198127876398643 -0.8869587817129395
v -0.530149841638433 0.6730578875990649 -0.7823836269519426
v -0.45262520042359555 0.6730578875990649 -0.8106002887763102
v -0.5120125210310144 0.6098592210417493 -0.7325517481336506
v -0.43448787981617687 0.6098592210417493 -0.7607684099580182
vt 0.7264999999999999 0.619375
vt 0.7733749999999999 0.619375
vt 0.7733749999999999 0.60375
vt 0.7264999999999999 0.60375
vt 0.7108749999999999 0.619375
vt 0.7264999999999999 0.619375
vt 0.7264999999999999 0.60375
vt 0.7108749999999999 0.60375
vt 0.7889999999999999 0.619375
vt 0.8358749999999999 0.619375
vt 0.8358749999999999 0.60375
vt 0.7889999999999999 0.60375
vt 0.7733749999999999 0.619375
vt 0.7889999999999999 0.619375
vt 0.7889999999999999 0.60375
vt 0.7733749999999999 0.60375
vt 0.7733749999999999 0.619375
vt 0.7264999999999999 0.619375
vt 0.7264999999999999 0.635
vt 0.7733749999999999 0.635
vt 0.8202499999999999 0.635
vt 0.7733749999999999 0.635
vt 0.7733749999999999 0.619375
vt 0.8202499999999999 0.619375
vn -0.9396926207859089 -1.942890293094024e-16 0.3420201433256677
vn -0.2620026302293842 -0.6427876096865395 -0.7198463103929545
vn 0.9396926207859089 1.942890293094024e-16 -0.3420201433256677
vn 0.2620026302293842 0.6427876096865395 0.7198463103929545
vn -0.21984631039295358 0.766044443118978 -0.6040227735550538
vn 0.21984631039295358 -0.766044443118978 0.6040227735550538
usemtl m_0c047623-a5fa-111b-9aa0-fb4ec1ac68df
f 156/460/115 159/459/115 157/458/115 154/457/115
f 155/464/116 156/463/116 154/462/116 153/461/116
f 160/468/117 155/467/117 153/466/117 158/465/117
f 159/472/118 160/471/118 158/470/118 157/469/118
f 158/476/119 153/475/119 154/474/119 157/473/119
f 159/480/120 156/479/120 155/478/120 160/477/120
o cube
v -0.5617765795753488 0.39266161046694836 -0.9898843067913555
v -0.5799139001827674 0.4558602770242641 -1.0397161856096475
v -0.5617765795753488 0.39266161046694836 -0.9898843067913555
v -0.5799139001827674 0.4558602770242641 -1.0397161856096475
v -0.5453295529924888 0.5407082415028874 -0.9446964726377773
v -0.52719223238507 0.47750957494557156 -0.8948645938194855
v -0.5453295529924888 0.5407082415028874 -0.9446964726377773
v -0.52719223238507 0.47750957494557156 -0.8948645938194855
vt 0.09375 0.22375
vt 0.125 0.22375
vt 0.125 0.22375
vt 0.09375 0.22375
vt 0.078125 0.22375
vt 0.09375 0.22375
vt 0.09375 0.22375
vt 0.078125 0.22375
vt 0.140625 0.22375
vt 0.171875 0.22375
vt 0.171875 0.22375
vt 0.140625 0.22375
vt 0.125 0.22375
vt 0.140625 0.22375
vt 0.140625 0.22375
vt 0.125 0.22375
vt 0.125 0.22375
vt 0.09375 0.22375
vt 0.09375 0.239375
vt 0.125 0.239375
vt 0.15625 0.239375
vt 0.125 0.239375
vt 0.125 0.22375
vt 0.15625 0.22375
vn -0.2198463103929541 0.7660444431189782 -0.6040227735550536
vn -0.2620026302293842 -0.6427876096865391 -0.7198463103929547
vn 0.2198463103929541 -0.7660444431189782 0.6040227735550536
vn 0.2620026302293842 0.6427876096865391 0.7198463103929547
vn 0.9396926207859086 6.661338147750939e-16 -0.34202014332566805
vn -0.9396926207859086 -6.661338147750939e-16 0.34202014332566805
usemtl m_0c047623-a5fa-111b-9aa0-fb4ec1ac68df
f 164/484/121 167/483/121 165/482/121 162/481/121
f 163/488/122 164/487/122 162/486/122 161/485/122
f 168/492/123 163/491/123 161/490/123 166/489/123
f 167/496/124 168/495/124 166/494/124 165/493/124
f 166/500/125 161/499/125 162/498/125 165/497/125
f 167/504/126 164/503/126 163/502/126 168/501/126
o cube
v -0.5320829192716393 0.4242609437456063 -1.0289085771126851
v -0.6096075604864768 0.4242609437456063 -1.0006919152883176
v -0.5320829192716393 0.4242609437456063 -1.0289085771126851
v -0.6096075604864768 0.4242609437456063 -1.0006919152883176
v -0.5750232132961982 0.5091089082242295 -0.9056722023164476
v -0.49749857208136067 0.5091089082242295 -0.9338888641408153
v -0.5750232132961982 0.5091089082242295 -0.9056722023164476
v -0.49749857208136067 0.5091089082242295 -0.9338888641408153
vt 0.09375 0.22375
vt 0.125 0.22375
vt 0.125 0.22375
vt 0.09375 0.22375
vt 0.078125 0.22375
vt 0.09375 0.22375
vt 0.09375 0.22375
vt 0.078125 0.22375
vt 0.140625 0.22375
vt 0.171875 0.22375
vt 0.171875 0.22375
vt 0.140625 0.22375
vt 0.125 0.22375
vt 0.140625 0.22375
vt 0.140625 0.22375
vt 0.125 0.22375
vt 0.125 0.22375
vt 0.09375 0.22375
vt 0.09375 0.239375
vt 0.125 0.239375
vt 0.15625 0.239375
vt 0.125 0.239375
vt 0.125 0.22375
vt 0.15625 0.22375
vn -0.9396926207859089 -1.942890293094024e-16 0.3420201433256677
vn -0.2620026302293842 -0.6427876096865395 -0.7198463103929545
vn 0.9396926207859089 1.942890293094024e-16 -0.3420201433256677
vn 0.2620026302293842 0.6427876096865395 0.7198463103929545
vn -0.21984631039295358 0.766044443118978 -0.6040227735550538
vn 0.21984631039295358 -0.766044443118978 0.6040227735550538
usemtl m_0c047623-a5fa-111b-9aa0-fb4ec1ac68df
f 172/508/127 175/507/127 173/506/127 170/505/127
f 171/512/128 172/511/128 170/510/128 169/509/128
f 176/516/129 171/515/129 169/514/129 174/513/129
f 175/520/130 176/519/130 174/518/130 173/517/130
f 174/524/131 169/523/131 170/522/131 173/521/131
f 175/528/132 172/527/132 171/526/132 176/525/132
o cube
v -0.5401041961919546 0.4019982993872271 -1.0078100118123412
v -0.6070685211769183 0.44827960534797384 -1.0212290243645337
v -0.5401041961919546 0.4019982993872271 -1.0078100118123412
v -0.6070685211769183 0.44827960534797384 -1.0212290243645337
v -0.5683072310451107 0.5317896519264154 -0.9266370875634278
v -0.5013429060601469 0.4855083459656686 -0.9132180750112354
v -0.5683072310451107 0.5317896519264154 -0.9266370875634278
v -0.5013429060601469 0.4855083459656686 -0.9132180750112354
vt 0.09375 0.22375
vt 0.125 0.22375
vt 0.125 0.22375
vt 0.09375 0.22375
vt 0.078125 0.22375
vt 0.09375 0.22375
vt 0.09375 0.22375
vt 0.078125 0.22375
vt 0.140625 0.22375
vt 0.171875 0.22375
vt 0.171875 0.22375
vt 0.140625 0.22375
vt 0.125 0.22375
vt 0.140625 0.22375
vt 0.140625 0.22375
vt 0.125 0.22375
vt 0.125 0.22375
vt 0.09375 0.22375
vt 0.09375 0.239375
vt 0.125 0.239375
vt 0.15625 0.239375
vt 0.125 0.239375
vt 0.125 0.22375
vt 0.15625 0.22375
vn -0.8116887876965309 0.560985526796931 -0.16265469760233178
vn -0.293646137362179 -0.632651868018495 -0.716605581826559
vn 0.8116887876965309 -0.560985526796931 0.16265469760233178
vn 0.293646137362179 0.632651868018495 0.716605581826559
vn 0.5049091581066919 0.5338977922946287 -0.6782476608458838
vn -0.5049091581066919 -0.5338977922946287 0.6782476608458838
usemtl m_0c047623-a5fa-111b-9aa0-fb4ec1ac68df
f 180/532/133 183/531/133 181/530/133 178/529/133
f 179/536/134 180/535/134 178/534/134 177/533/134
f 184/540/135 179/539/135 177/538/135 182/537/135
f 183/544/136 184/543/136 182/542/136 181/541/136
f 182/548/137 177/547/137 178/546/137 181/545/137
f 183/552/138 180/551/138 179/550/138 184/549/138
o cube
v -0.5944138614563376 0.4031156684354471 -0.9865418020785448
v -0.5527588559125354 0.44716223629975393 -1.04249723409833
v -0.5944138614563376 0.4031156684354471 -0.9865418020785448
v -0.5527588559125354 0.44716223629975393 -1.04249723409833
v -0.5139975657807276 0.5306722828781953 -0.9479052972972243
v -0.5556525713245299 0.4866257150138886 -0.8919498652774389
v -0.5139975657807276 0.5306722828781953 -0.9479052972972243
v -0.5556525713245299 0.4866257150138886 -0.8919498652774389
vt 0.09375 0.22375
vt 0.125 0.22375
vt 0.125 0.22375
vt 0.09375 0.22375
vt 0.078125 0.22375
vt 0.09375 0.22375
vt 0.09375 0.22375
vt 0.078125 0.22375
vt 0.140625 0.22375
vt 0.171875 0.22375
vt 0.171875 0.22375
vt 0.140625 0.22375
vt 0.125 0.22375
vt 0.140625 0.22375
vt 0.140625 0.22375
vt 0.125 0.22375
vt 0.125 0.22375
vt 0.09375 0.22375
vt 0.09375 0.239375
vt 0.125 0.239375
vt 0.15625 0.239375
vt 0.125 0.239375
vt 0.125 0.22375
vt 0.15625 0.22375
vn 0.5049091581066935 0.5338977922946277 -0.6782476608458836
vn -0.29364613736217915 -0.6326518680184952 -0.7166055818265591
vn -0.5049091581066935 -0.5338977922946277 0.6782476608458836
vn 0.29364613736217915 0.6326518680184952 0.7166055818265591
vn 0.8116887876965299 -0.5609855267969319 0.1626546976023329
vn -0.8116887876965299 0.5609855267969319 -0.1626546976023329
usemtl m_0c047623-a5fa-111b-9aa0-fb4ec1ac68df
f 188/556/139 191/555/139 189/554/139 186/553/139
f 187/560/140 188/559/140 186/558/140 185/557/140
f 192/564/141 187/563/141 185/562/141 190/561/141
f 191/568/142 192/567/142 190/566/142 189/565/142
f 190/572/143 185/571/143 186/570/143 189/569/143
f 191/576/144 188/575/144 187/574/144 192/573/144