# Made in Blockbench 4.5.2
mtllib Droid_destroy.mtl

o torso
v 1.0832501804033823 0.6945720702044129 0.06250137735777461
v 0.29843544654843734 0.9048625443474081 0.06249839308807681
v 0.9214882772153716 0.09086842877345991 0.06250137735777461
v 0.13667354336042647 0.3011589029164554 0.06249839308807681
v 0.2984332291767652 0.9048631384903572 0.687498393083861
v 1.0832479630317102 0.6945726643473615 0.6875013773535588
v 0.13667132598875442 0.30115949705940415 0.687498393083861
v 0.9214860598436994 0.09086902291640864 0.6875013773535588
vt 0.484375 0.15625
vt 0.640625 0.15625
vt 0.640625 0
vt 0.484375 0
vt 0.28125 0.15625
vt 0.484375 0.15625
vt 0.484375 0
vt 0.28125 0
vt 0.84375 0.15625
vt 1 0.15625
vt 1 0
vt 0.84375 0
vt 0.640625 0.15625
vt 0.84375 0.15625
vt 0.84375 0
vt 0.640625 0
vt 0.640625 0.15625
vt 0.484375 0.15625
vt 0.484375 0.359375
vt 0.640625 0.359375
vt 0.796875 0.359375
vt 0.640625 0.359375
vt 0.640625 0.15625
vt 0.796875 0.15625
vn -0.9659258262830093 0.2588190450990714 -0.0000036729473203812408
vn 0.0000035477946753742153 -9.506287181712518e-7 -0.9999999999932548
vn 0.9659258262830093 -0.2588190450990714 0.0000036729473203812408
vn -0.0000035477946753742153 9.506287181712518e-7 0.9999999999932548
vn 0.25881904510081716 0.9659258262895247 6.39389172982013e-17
vn -0.25881904510081716 -0.9659258262895247 -6.39389172982013e-17
usemtl m_5546fbb3-6e28-7f36-ac89-ee0434295d32
f 4/4/1 7/3/1 5/2/1 2/1/1
f 3/8/2 4/7/2 2/6/2 1/5/2
f 8/12/3 3/11/3 1/10/3 6/9/3
f 7/16/4 8/15/4 6/14/4 5/13/4
f 6/20/5 1/19/5 2/18/5 5/17/5
f 7/24/6 4/23/6 3/22/6 8/21/6
o torso
v 1.0067038476790604 0.6503778369657147 0.000001147798988743176
v 0.34262984210949154 0.8283159304713261 -0.0000013773522940518923
v 0.8772943251286518 0.16741492382095224 0.000001147798988743176
v 0.21322031955908294 0.34535301732656387 -0.0000013773522940518923
v 0.34262962037232425 0.8283159898856209 0.06249862264728434
v 1.006703625941893 0.6503778963800095 0.06250114779856708
v 0.21322009782191564 0.3453530767408588 0.06249862264728434
v 0.8772941033914845 0.16741498323524728 0.06250114779856708
vt 0.25 0.3125
vt 0.265625 0.3125
vt 0.265625 0.1875
vt 0.25 0.1875
vt 0.078125 0.3125
vt 0.25 0.3125
vt 0.25 0.1875
vt 0.078125 0.1875
vt 0.4375 0.3125
vt 0.453125 0.3125
vt 0.453125 0.1875
vt 0.4375 0.1875
vt 0.265625 0.3125
vt 0.4375 0.3125
vt 0.4375 0.1875
vt 0.265625 0.1875
vt 0.265625 0.3125
vt 0.25 0.3125
vt 0.25 0.484375
vt 0.265625 0.484375
vt 0.28125 0.484375
vt 0.265625 0.484375
vt 0.265625 0.3125
vt 0.28125 0.3125
vn -0.9659258262830093 0.2588190450990714 -0.0000036729473203812408
vn 0.0000035477946753742153 -9.506287181712518e-7 -0.9999999999932548
vn 0.9659258262830093 -0.2588190450990714 0.0000036729473203812408
vn -0.0000035477946753742153 9.506287181712518e-7 0.9999999999932548
vn 0.25881904510081716 0.9659258262895247 6.39389172982013e-17
vn -0.25881904510081716 -0.9659258262895247 -6.39389172982013e-17
usemtl m_5546fbb3-6e28-7f36-ac89-ee0434295d32
f 12/28/7 15/27/7 13/26/7 10/25/7
f 11/32/8 12/31/8 10/30/8 9/29/8
f 16/36/9 11/35/9 9/34/9 14/33/9
f 15/40/10 16/39/10 14/38/10 13/37/10
f 14/44/11 9/43/11 10/42/11 13/41/11
f 15/48/12 12/47/12 11/46/12 16/45/12
o torso
v 0.2984332291767652 0.9048631384903572 0.687498393083861
v 0.2984332291767652 0.9048631384903572 0.687498393083861
v 0.13667132598875442 0.30115949705940415 0.687498393083861
v 0.13667132598875442 0.30115949705940415 0.687498393083861
v 0.298431011805093 0.9048637326333058 1.312498393079645
v 0.298431011805093 0.9048637326333058 1.312498393079645
v 0.13666910861708237 0.301160091202353 1.312498393079645
v 0.13666910861708237 0.301160091202353 1.312498393079645
vt 0.71875 1
vt 0.875 1
vt 0.875 0.84375
vt 0.71875 0.84375
vt 0.71875 1
vt 0.71875 1
vt 0.71875 0.84375
vt 0.71875 0.84375
vt 0.875 1
vt 1.03125 1
vt 1.03125 0.84375
vt 0.875 0.84375
vt 0.875 1
vt 0.875 1
vt 0.875 0.84375
vt 0.875 0.84375
vt 0.875 1
vt 0.71875 1
vt 0.71875 1
vt 0.875 1
vt 1.03125 1
vt 0.875 1
vt 0.875 1
vt 1.03125 1
vn -0.9659258262830093 0.2588190450990714 -0.0000036729473203812408
vn 0.0000035477946753742153 -9.506287181712518e-7 -0.9999999999932548
vn 0.9659258262830093 -0.2588190450990714 0.0000036729473203812408
vn -0.0000035477946753742153 9.506287181712518e-7 0.9999999999932548
vn 0.25881904510081716 0.9659258262895247 6.39389172982013e-17
vn -0.25881904510081716 -0.9659258262895247 -6.39389172982013e-17
usemtl m_5546fbb3-6e28-7f36-ac89-ee0434295d32
f 20/52/13 23/51/13 21/50/13 18/49/13
f 19/56/14 20/55/14 18/54/14 17/53/14
f 24/60/15 19/59/15 17/58/15 22/57/15
f 23/64/16 24/63/16 22/62/16 21/61/16
f 22/68/17 17/67/17 18/66/17 21/65/17
f 23/72/18 20/71/18 19/70/18 24/69/18
o torso
v 1.0897184391592305 0.7187208100045996 0.6875013773535588
v 1.0897184391592305 0.7187208100045996 0.6875013773535588
v 0.9279565359712199 0.11501716857364686 0.6875013773535588
v 0.9279565359712199 0.11501716857364686 0.6875013773535588
v 1.0897164435247255 0.7187213447332539 1.2500013773497647
v 1.0897164435247255 0.7187213447332539 1.2500013773497647
v 0.9279545403367151 0.11501770330230088 1.2500013773497647
v 0.9279545403367151 0.11501770330230088 1.2500013773497647
vt 0.71875 0.84375
vt 0.859375 0.84375
vt 0.859375 0.6875
vt 0.71875 0.6875
vt 0.71875 0.84375
vt 0.71875 0.84375
vt 0.71875 0.6875
vt 0.71875 0.6875
vt 0.859375 0.84375
vt 1 0.84375
vt 1 0.6875
vt 0.859375 0.6875
vt 0.859375 0.84375
vt 0.859375 0.84375
vt 0.859375 0.6875
vt 0.859375 0.6875
vt 0.859375 0.84375
vt 0.71875 0.84375
vt 0.71875 0.84375
vt 0.859375 0.84375
vt 1 0.84375
vt 0.859375 0.84375
vt 0.859375 0.84375
vt 1 0.84375
vn -0.9659258262830093 0.2588190450990714 -0.0000036729473203812408
vn 0.0000035477946753742153 -9.506287181712518e-7 -0.9999999999932548
vn 0.9659258262830093 -0.2588190450990714 0.0000036729473203812408
vn -0.0000035477946753742153 9.506287181712518e-7 0.9999999999932548
vn 0.25881904510081716 0.9659258262895247 6.39389172982013e-17
vn -0.25881904510081716 -0.9659258262895247 -6.39389172982013e-17
usemtl m_5546fbb3-6e28-7f36-ac89-ee0434295d32
f 28/76/19 31/75/19 29/74/19 26/73/19
f 27/80/20 28/79/20 26/78/20 25/77/20
f 32/84/21 27/83/21 25/82/21 30/81/21
f 31/88/22 32/87/22 30/86/22 29/85/22
f 30/92/23 25/91/23 26/90/23 29/89/23
f 31/96/24 28/95/24 27/94/24 32/93/24
o torso
v 1.0832479630317102 0.6945726643473615 0.6875013773535588
v 0.2984332291767652 0.9048631384903572 0.687498393083861
v 1.0832479630317102 0.6945726643473615 0.6875013773535588
v 0.2984332291767652 0.9048631384903572 0.687498393083861
v 0.2984312335422603 0.904863673219011 1.2499983930800669
v 1.0832459673972052 0.6945731990760158 1.2500013773497647
v 0.2984312335422603 0.904863673219011 1.2499983930800669
v 1.0832459673972052 0.6945731990760158 1.2500013773497647
vt 0.40625 0.515625
vt 0.546875 0.515625
vt 0.546875 0.515625
vt 0.40625 0.515625
vt 0.203125 0.515625
vt 0.40625 0.515625
vt 0.40625 0.515625
vt 0.203125 0.515625
vt 0.75 0.515625
vt 0.890625 0.515625
vt 0.890625 0.515625
vt 0.75 0.515625
vt 0.546875 0.515625
vt 0.75 0.515625
vt 0.75 0.515625
vt 0.546875 0.515625
vt 0.546875 0.515625
vt 0.40625 0.515625
vt 0.40625 0.71875
vt 0.546875 0.71875
vt 0.6875 0.71875
vt 0.546875 0.71875
vt 0.546875 0.515625
vt 0.6875 0.515625
vn -0.9659258262830093 0.2588190450990714 -0.0000036729473203812408
vn 0.0000035477946753742153 -9.506287181712518e-7 -0.9999999999932548
vn 0.9659258262830093 -0.2588190450990714 0.0000036729473203812408
vn -0.0000035477946753742153 9.506287181712518e-7 0.9999999999932548
vn 0.25881904510081716 0.9659258262895247 6.39389172982013e-17
vn -0.25881904510081716 -0.9659258262895247 -6.39389172982013e-17
usemtl m_5546fbb3-6e28-7f36-ac89-ee0434295d32
f 36/100/25 39/99/25 37/98/25 34/97/25
f 35/104/26 36/103/26 34/102/26 33/101/26
f 40/108/27 35/107/27 33/106/27 38/105/27
f 39/112/28 40/111/28 38/110/28 37/109/28
f 38/116/29 33/115/29 34/114/29 37/113/29
f 39/120/30 36/119/30 35/118/30 40/117/30
o cube_r1
v 0.6239650036799471 0.18790715044662432 0.3029375003490812
v 0.4428539112518829 0.2364357214027002 0.3029368116714586
v 0.563162869374606 -0.03900829046004439 0.3884505586621093
v 0.3820517769465417 0.009520280496031486 0.3884498699844867
v 0.4705183795614061 0.33968508994274416 0.5965871055402603
v 0.6516294719894704 0.2911565189866683 0.596587794217883
v 0.40971624525606487 0.11276964903607545 0.6821001638532884
v 0.5908273376841291 0.06424107807999957 0.6821008525309109
vt 0.578125 0.46875
vt 0.65625 0.46875
vt 0.65625 0.40625
vt 0.578125 0.40625
vt 0.53125 0.46875
vt 0.578125 0.46875
vt 0.578125 0.40625
vt 0.53125 0.40625
vt 0.703125 0.46875
vt 0.78125 0.46875
vt 0.78125 0.40625
vt 0.703125 0.40625
vt 0.65625 0.46875
vt 0.703125 0.46875
vt 0.703125 0.40625
vt 0.65625 0.40625
vt 0.65625 0.46875
vt 0.578125 0.46875
vt 0.578125 0.515625
vt 0.65625 0.515625
vt 0.734375 0.515625
vt 0.65625 0.515625
vt 0.65625 0.46875
vt 0.734375 0.46875
vn -0.9659258262830095 0.25881904509907144 -0.0000036729473203850346
vn -0.0885262985904741 -0.3303979793281407 -0.9396809403801655
vn 0.9659258262830095 -0.25881904509907144 0.0000036729473203850346
vn 0.0885262985904741 0.3303979793281407 0.9396809403801655
vn 0.24320853722136473 0.9076617636266754 -0.3420522332521126
vn -0.24320853722136473 -0.9076617636266754 0.3420522332521126
usemtl m_5546fbb3-6e28-7f36-ac89-ee0434295d32
f 44/124/31 47/123/31 45/122/31 42/121/31
f 43/128/32 44/127/32 42/126/32 41/125/32
f 48/132/33 43/131/33 41/130/33 46/129/33
f 47/136/34 48/135/34 46/134/34 45/133/34
f 46/140/35 41/139/35 42/138/35 45/137/35
f 47/144/36 44/143/36 43/142/36 48/141/36
o bone4
v 1.0466543102467891 0.10841119968829993 0.6096264919418586
v 1.0799081334896643 0.10844594201401436 0.4891309234229193
v 1.0420565134795146 -0.016497396960264976 0.608321598010177
v 1.07531033672239 -0.016462654634550544 0.48782602949123754
v 0.5380729362492824 0.1299525885262507 0.33960389179561123
v 0.5048191130064072 0.12991784620053626 0.4600994603145506
v 0.5334751394820081 0.005043991877685783 0.3382989978639296
v 0.5002213162391329 0.005009249551971351 0.458794566382869
vt 0.03125 0.609375
vt 0.171875 0.609375
vt 0.171875 0.578125
vt 0.03125 0.578125
vt 0 0.609375
vt 0.03125 0.609375
vt 0.03125 0.578125
vt 0 0.578125
vt 0.203125 0.609375
vt 0.34375 0.609375
vt 0.34375 0.578125
vt 0.203125 0.578125
vt 0.171875 0.609375
vt 0.203125 0.609375
vt 0.203125 0.578125
vt 0.171875 0.578125
vt 0.171875 0.609375
vt 0.03125 0.609375
vt 0.03125 0.640625
vt 0.171875 0.640625
vt 0.3125 0.640625
vt 0.171875 0.640625
vt 0.171875 0.609375
vt 0.3125 0.609375
vn 0.26603058594300133 0.00027793860571549185 -0.9639645481515151
vn 0.9632625728717904 -0.03823403824397564 0.26582583400410326
vn -0.26603058594300133 -0.00027793860571549185 0.9639645481515151
vn -0.9632625728717904 0.03823403824397564 -0.26582583400410326
vn 0.03678237413819539 0.99926877318852 0.010439151453454011
vn -0.03678237413819539 -0.99926877318852 -0.010439151453454011
usemtl m_5546fbb3-6e28-7f36-ac89-ee0434295d32
f 52/148/37 55/147/37 53/146/37 50/145/37
f 51/152/38 52/151/38 50/150/38 49/149/38
f 56/156/39 51/155/39 49/154/39 54/153/39
f 55/160/40 56/159/40 54/158/40 53/157/40
f 54/164/41 49/163/41 50/162/41 53/161/41
f 55/168/42 52/167/42 51/166/42 56/165/42
o cube_r2
v 1.4458649339878105 0.11895096909521541 0.21784595543626106
v 1.4427220247016797 -0.005837226807855755 0.21128636059542738
v 1.5166226059288936 0.11176538931322022 0.32064050443899084
v 1.5134796966427628 -0.013022806589850944 0.31408090959815715
v 0.9792335155133525 -0.010915664626688693 0.5299693713125067
v 0.9823764247994835 0.11387253127638242 0.5365289661533403
v 1.0499911874544356 -0.01810124440868388 0.6327639203152364
v 1.0531340967405667 0.10668695149438723 0.6393235151560701
vt 0.03125 0.671875
vt 0.171875 0.671875
vt 0.171875 0.640625
vt 0.03125 0.640625
vt 0 0.671875
vt 0.03125 0.671875
vt 0.03125 0.640625
vt 0 0.640625
vt 0.203125 0.671875
vt 0.34375 0.671875
vt 0.34375 0.640625
vt 0.203125 0.640625
vt 0.171875 0.671875
vt 0.203125 0.671875
vt 0.203125 0.640625
vt 0.171875 0.640625
vt 0.171875 0.671875
vt 0.03125 0.671875
vt 0.03125 0.703125
vt 0.171875 0.703125
vt 0.3125 0.703125
vt 0.171875 0.703125
vt 0.171875 0.671875
vt 0.3125 0.671875
vn -0.02514327428904756 -0.9983055672245691 -0.05247675872666882
vn 0.8239795718903596 0.009028333900147296 -0.5665475746081411
vn 0.02514327428904756 0.9983055672245691 0.05247675872666882
vn -0.8239795718903596 -0.009028333900147296 0.5665475746081411
vn -0.5660613755286661 0.057484638255961305 -0.8223563920218387
vn 0.5660613755286661 -0.057484638255961305 0.8223563920218387
usemtl m_5546fbb3-6e28-7f36-ac89-ee0434295d32
f 60/172/43 63/171/43 61/170/43 58/169/43
f 59/176/44 60/175/44 58/174/44 57/173/44
f 64/180/45 59/179/45 57/178/45 62/177/45
f 63/184/46 64/183/46 62/182/46 61/181/46
f 62/188/47 57/187/47 58/186/47 61/185/47
f 63/192/48 60/191/48 59/190/48 64/189/48
o bone5
v 1.6017725900774402 0.11361639084133224 0.24462943526479541
v 1.5986296807913094 -0.011171805061738871 0.23806984042396184
v 1.5683498640276294 0.10813324512013933 0.36495340002826004
v 1.5652069547414986 -0.016654950782931777 0.3583938051874265
v 1.4180179483778488 -0.0040029228909934655 0.18822749654819249
v 1.4211608576639798 0.12078527301207764 0.19478709138902606
v 1.384595222328038 -0.009486068612186371 0.3085514613116571
v 1.387738131614169 0.11530212729088474 0.3151110561524907
vt 0.859375 0.25
vt 0.90625 0.25
vt 0.90625 0.21875
vt 0.859375 0.21875
vt 0.828125 0.25
vt 0.859375 0.25
vt 0.859375 0.21875
vt 0.828125 0.21875
vt 0.9375 0.25
vt 0.984375 0.25
vt 0.984375 0.21875
vt 0.9375 0.21875
vt 0.90625 0.25
vt 0.9375 0.25
vt 0.9375 0.21875
vt 0.90625 0.21875
vt 0.90625 0.25
vt 0.859375 0.25
vt 0.859375 0.28125
vt 0.90625 0.28125
vt 0.953125 0.28125
vt 0.90625 0.28125
vt 0.90625 0.25
vt 0.953125 0.25
vn -0.025143274289047564 -0.9983055672245692 -0.052476758726668835
vn 0.9632625728717903 -0.038234038243975636 0.2658258340041033
vn 0.025143274289047564 0.9983055672245692 0.052476758726668835
vn -0.9632625728717903 0.038234038243975636 -0.2658258340041033
vn 0.2673818083984858 0.043865165769542996 -0.9625917181077167
vn -0.2673818083984858 -0.043865165769542996 0.9625917181077167
usemtl m_5546fbb3-6e28-7f36-ac89-ee0434295d32
f 68/196/49 71/195/49 69/194/49 66/193/49
f 67/200/50 68/199/50 66/198/50 65/197/50
f 72/204/51 67/203/51 65/202/51 70/201/51
f 71/208/52 72/207/52 70/206/52 69/205/52
f 70/212/53 65/211/53 66/210/53 69/209/53
f 71/216/54 68/215/54 67/214/54 72/213/54
o bone2
v 1.7732429136569152 0.07387967326452083 0.3229128716212225
v 1.77167145901385 0.011485575312985219 0.3196330742008058
v 1.75653155063201 0.07113810040392432 0.3830748540029548
v 1.7549600959889444 0.008744002452388822 0.3797950565825381
v 1.5910597266003892 0.018654457483730624 0.2697907303250364
v 1.5926311812434548 0.08104855543526623 0.27307052774545315
v 1.574348363575484 0.015912884623134227 0.32995271270676874
v 1.5759198182185497 0.07830698257466984 0.33323251012718547
vt 0.015625 0.984375
vt 0.0625 0.984375
vt 0.0625 0.96875
vt 0.015625 0.96875
vt 0 0.984375
vt 0.015625 0.984375
vt 0.015625 0.96875
vt 0 0.96875
vt 0.078125 0.984375
vt 0.125 0.984375
vt 0.125 0.96875
vt 0.078125 0.96875
vt 0.0625 0.984375
vt 0.078125 0.984375
vt 0.078125 0.96875
vt 0.0625 0.96875
vt 0.0625 0.984375
vt 0.015625 0.984375
vt 0.015625 1
vt 0.0625 1
vt 0.109375 1
vt 0.0625 1
vt 0.0625 0.984375
vt 0.109375 0.984375
vn -0.025143274289047564 -0.9983055672245692 -0.052476758726668835
vn 0.9632625728717903 -0.038234038243975636 0.2658258340041033
vn 0.025143274289047564 0.9983055672245692 0.052476758726668835
vn -0.9632625728717903 0.038234038243975636 -0.2658258340041033
vn 0.2673818083984858 0.043865165769542996 -0.9625917181077167
vn -0.2673818083984858 -0.043865165769542996 0.9625917181077167
usemtl m_5546fbb3-6e28-7f36-ac89-ee0434295d32
f 76/220/55 79/219/55 77/218/55 74/217/55
f 75/224/56 76/223/56 74/222/56 73/221/56
f 80/228/57 75/227/57 73/226/57 78/225/57
f 79/232/58 80/231/58 78/230/58 77/229/58
f 78/236/59 73/235/59 74/234/59 77/233/59
f 79/240/60 76/239/60 75/238/60 80/237/60
o bone3
v 0.14635446865662116 0.1109087727743967 0.16259754695265238
v 0.06327631019841129 0.14038929253519028 0.2512198835378836
v 0.1291794233740463 -0.010500369554915179 0.18688412716482738
v 0.04610126491583644 0.0189801502058784 0.2755064637500586
v 0.4763958540187986 0.15823059428873243 0.6325598636938778
v 0.5594740124770086 0.12875007452793885 0.5439375271086466
v 0.45922080873622373 0.03682145195942055 0.6568464439060528
v 0.5422989671944336 0.0073409321986269704 0.5682241073208216
vt 0.03125 0.609375
vt 0.171875 0.609375
vt 0.171875 0.578125
vt 0.03125 0.578125
vt 0 0.609375
vt 0.03125 0.609375
vt 0.03125 0.578125
vt 0 0.578125
vt 0.203125 0.609375
vt 0.34375 0.609375
vt 0.34375 0.578125
vt 0.203125 0.578125
vt 0.171875 0.609375
vt 0.203125 0.609375
vt 0.203125 0.578125
vt 0.171875 0.578125
vt 0.171875 0.609375
vt 0.03125 0.609375
vt 0.03125 0.640625
vt 0.171875 0.640625
vt 0.3125 0.640625
vt 0.171875 0.640625
vt 0.171875 0.609375
vt 0.3125 0.609375
vn -0.6646252676656791 0.23584415808634884 0.7089786926818504
vn -0.7344347445695776 -0.03171786978407488 -0.6779377424995454
vn 0.6646252676656791 -0.23584415808634884 -0.7089786926818504
vn 0.7344347445695776 0.03171786978407488 0.6779377424995454
vn 0.13740036226059854 0.9712731386344946 -0.19429264169740065
vn -0.13740036226059854 -0.9712731386344946 0.19429264169740065
usemtl m_5546fbb3-6e28-7f36-ac89-ee0434295d32
f 84/244/61 87/243/61 85/242/61 82/241/61
f 83/248/62 84/247/62 82/246/62 81/245/62
f 88/252/63 83/251/63 81/250/63 86/249/63
f 87/256/64 88/255/64 86/254/64 85/253/64
f 86/260/65 81/259/65 82/258/65 85/257/65
f 87/264/66 84/263/66 83/262/66 88/261/66
o cube_r3
v 0.25221065247398833 -0.02908319520247865 -0.35854248832855895
v 0.2509971760620867 0.09582881799720488 -0.3630719952995033
v 0.12735940432364568 -0.030510997226714354 -0.3644693101312747
v 0.12614592791174406 0.09440101597296924 -0.36899881710221905
v 0.22411243069299003 0.11592842945063109 0.1984255256975711
v 0.22532590710489164 -0.008983583749052504 0.20295503266851544
v 0.09926118254264749 0.11450062742639533 0.19249870389485535
v 0.1004746589545491 -0.010411385773288262 0.1970282108657998
vt 0.03125 0.671875
vt 0.171875 0.671875
vt 0.171875 0.640625
vt 0.03125 0.640625
vt 0 0.671875
vt 0.03125 0.671875
vt 0.03125 0.640625
vt 0 0.640625
vt 0.203125 0.671875
vt 0.34375 0.671875
vt 0.34375 0.640625
vt 0.203125 0.640625
vt 0.171875 0.671875
vt 0.203125 0.671875
vt 0.203125 0.640625
vt 0.171875 0.640625
vt 0.171875 0.671875
vt 0.03125 0.671875
vt 0.03125 0.703125
vt 0.171875 0.703125
vt 0.3125 0.703125
vt 0.171875 0.703125
vt 0.171875 0.671875
vt 0.3125 0.671875
vn -0.009707811295213269 0.9992961055974686 -0.03623605576755532
vn 0.047795102878393884 -0.035732642583868726 -0.9982178151059102
vn 0.009707811295213269 -0.9992961055974686 0.03623605576755532
vn -0.047795102878393884 0.035732642583868726 0.9982178151059102
vn 0.9988099852027414 0.0114224161938857 0.047414574421725954
vn -0.9988099852027414 -0.0114224161938857 -0.047414574421725954
usemtl m_5546fbb3-6e28-7f36-ac89-ee0434295d32
f 92/268/67 95/267/67 93/266/67 90/265/67
f 91/272/68 92/271/68 90/270/68 89/269/68
f 96/276/69 91/275/69 89/274/69 94/273/69
f 95/280/70 96/279/70 94/278/70 93/277/70
f 94/284/71 89/283/71 90/282/71 93/281/71
f 95/288/72 92/287/72 91/286/72 96/285/72
o bone8
v 0.14716916083268594 -0.0343928009293305 -0.476826480757924
v 0.14595568442078422 0.09051921227035309 -0.48135598772886834
v 0.06234292628072846 -0.03188883509335988 -0.385048269363124
v 0.061129449868826846 0.09302317810632377 -0.3895777763340683
v 0.28366219902757994 0.09646631285486718 -0.35424266101020374
v 0.28487567543948167 -0.028445700344816416 -0.3497131540392594
v 0.19883596447562257 0.09897027869083774 -0.2624644496154037
v 0.2000494408875242 -0.025941734508845793 -0.2579349426444594
vt 0.859375 0.25
vt 0.90625 0.25
vt 0.90625 0.21875
vt 0.859375 0.21875
vt 0.828125 0.25
vt 0.859375 0.25
vt 0.859375 0.21875
vt 0.828125 0.21875
vt 0.9375 0.25
vt 0.984375 0.25
vt 0.984375 0.21875
vt 0.9375 0.21875
vt 0.90625 0.25
vt 0.9375 0.25
vt 0.9375 0.21875
vt 0.90625 0.21875
vt 0.90625 0.25
vt 0.859375 0.25
vt 0.859375 0.28125
vt 0.90625 0.28125
vt 0.953125 0.28125
vt 0.90625 0.28125
vt 0.90625 0.25
vt 0.953125 0.25
vn -0.009707811295213269 0.9992961055974686 -0.03623605576755532
vn -0.7344347445695776 -0.0317178697840749 -0.6779377424995455
vn 0.009707811295213269 -0.9992961055974686 0.03623605576755532
vn 0.7344347445695776 0.0317178697840749 0.6779377424995455
vn 0.678609876415659 -0.020031726687765098 -0.7342256911584005
vn -0.678609876415659 0.020031726687765098 0.7342256911584005
usemtl m_5546fbb3-6e28-7f36-ac89-ee0434295d32
f 100/292/73 103/291/73 101/290/73 98/289/73
f 99/296/74 100/295/74 98/294/74 97/293/74
f 104/300/75 99/299/75 97/298/75 102/297/75
f 103/304/76 104/303/76 102/302/76 101/301/76
f 102/308/77 97/307/77 98/306/77 101/305/77
f 103/312/78 100/311/78 99/310/78 104/309/78
o bone9
v -0.012047281515074781 -0.008485906754930994 -0.5821276313706247
v -0.012654019721025589 0.05397009984491086 -0.584392384856097
v -0.05446039879105341 -0.007233923836945655 -0.5362385256732247
v -0.05506713699700422 0.055222082762896085 -0.538503279158697
v 0.1250524948857702 0.05991720042942483 -0.4572790581374324
v 0.125659233091721 -0.0025388061704169074 -0.45501430465196013
v 0.08263937760979156 0.06116918334741017 -0.4113899524400324
v 0.08324611581574237 -0.0012868232524316237 -0.4091251989545601
vt 0.015625 0.984375
vt 0.0625 0.984375
vt 0.0625 0.96875
vt 0.015625 0.96875
vt 0 0.984375
vt 0.015625 0.984375
vt 0.015625 0.96875
vt 0 0.96875
vt 0.078125 0.984375
vt 0.125 0.984375
vt 0.125 0.96875
vt 0.078125 0.96875
vt 0.0625 0.984375
vt 0.078125 0.984375
vt 0.078125 0.96875
vt 0.0625 0.96875
vt 0.0625 0.984375
vt 0.015625 0.984375
vt 0.015625 1
vt 0.0625 1
vt 0.109375 1
vt 0.0625 1
vt 0.0625 0.984375
vt 0.109375 0.984375
vn -0.009707811295213269 0.9992961055974686 -0.03623605576755532
vn -0.7344347445695776 -0.0317178697840749 -0.6779377424995455
vn 0.009707811295213269 -0.9992961055974686 0.03623605576755532
vn 0.7344347445695776 0.0317178697840749 0.6779377424995455
vn 0.678609876415659 -0.020031726687765098 -0.7342256911584005
vn -0.678609876415659 0.020031726687765098 0.7342256911584005
usemtl m_5546fbb3-6e28-7f36-ac89-ee0434295d32
f 108/316/79 111/315/79 109/314/79 106/313/79
f 107/320/80 108/319/80 106/318/80 105/317/80
f 112/324/81 107/323/81 105/322/81 110/321/81
f 111/328/82 112/327/82 110/326/82 109/325/82
f 110/332/83 105/331/83 106/330/83 109/329/83
f 111/336/84 108/335/84 107/334/84 112/333/84