# Made in Blockbench 4.5.2
mtllib Pine_1.mtl

o cube
v 1.9860016550652388 0.7657263181520904 -2.041146738106839
v -0.07068520544180679 1.3609352564818753 -0.31538155200822227
v 1.9860016550652388 0.7657263181520904 -2.041146738106839
v -0.07068520544180679 1.3609352564818753 -0.31538155200822227
v 1.1747157883258612 1.3609352564818753 1.1688295565347984
v 3.2314026488329066 0.7657263181520901 -0.5569356295638188
v 1.1747157883258612 1.3609352564818753 1.1688295565347984
v 3.2314026488329066 0.7657263181520901 -0.5569356295638188
vt 0 1
vt 1 1
vt 1 1
vt 0 1
vt 0 1
vt 1 1
vt 1 1
vt 0 1
vt 0 1
vt 1 1
vt 1 1
vt 0 1
vt 0 1
vt 1 1
vt 1 1
vt 0 1
vt 1 0
vt 0 0
vt 0 1
vt 1 1
vt 0 1
vt 1 1
vt 1 0
vt 0 0
vn -0.7478861310934717 0.21643961393810368 0.6275509767631336
vn -0.6427876096865386 4.163336342344339e-17 -0.7660444431189786
vn 0.7478861310934717 -0.21643961393810368 -0.6275509767631336
vn 0.6427876096865386 -4.163336342344339e-17 0.7660444431189786
vn 0.16580236352810146 0.9762960071199331 -0.13912470208475086
vn -0.16580236352810146 -0.9762960071199331 0.13912470208475086
usemtl none
f 4/4/1 7/3/1 5/2/1 2/1/1
f 3/8/2 4/7/2 2/6/2 1/5/2
f 8/12/3 3/11/3 1/10/3 6/9/3
f 7/16/4 8/15/4 6/14/4 5/13/4
usemtl m_84216c0b-9175-efe8-e3ff-5c84a592797b
f 6/20/5 1/19/5 2/18/5 5/17/5
f 7/24/6 4/23/6 3/22/6 8/21/6
o cube
v 2.0784907210759305 1.089204440301671 -2.0424887647460723
v 0.02180386056888506 1.6844133786314561 -0.3167235786474554
v 2.0784907210759305 1.089204440301671 -2.0424887647460723
v 0.02180386056888506 1.6844133786314561 -0.3167235786474554
v 1.0822267223151694 1.0374571343322956 1.1701715831740311
v 3.138913582822215 0.44224819600251053 -0.5555936029245859
v 1.0822267223151694 1.0374571343322956 1.1701715831740311
v 3.138913582822215 0.44224819600251053 -0.5555936029245859
vt 0 1
vt 1 1
vt 1 1
vt 0 1
vt 0 1
vt 1 1
vt 1 1
vt 0 1
vt 0 1
vt 1 1
vt 1 1
vt 0 1
vt 0 1
vt 1 1
vt 1 1
vt 0 1
vt 1 0
vt 0 0
vt 0 1
vt 1 1
vt 0 1
vt 1 1
vt 1 0
vt 0 0
vn -0.7478861310934715 0.21643961393810363 0.6275509767631338
vn -0.5473150254174373 0.3339129002834375 -0.7674297609401222
vn 0.7478861310934715 -0.21643961393810363 -0.6275509767631338
vn 0.5473150254174373 -0.3339129002834375 0.7674297609401222
vn 0.37564956790917353 0.9174181535933479 0.1312681743113068
vn -0.37564956790917353 -0.9174181535933479 -0.1312681743113068
usemtl none
f 12/28/7 15/27/7 13/26/7 10/25/7
f 11/32/8 12/31/8 10/30/8 9/29/8
f 16/36/9 11/35/9 9/34/9 14/33/9
f 15/40/10 16/39/10 14/38/10 13/37/10
usemtl m_84216c0b-9175-efe8-e3ff-5c84a592797b
f 14/44/11 9/43/11 10/42/11 13/41/11
f 15/48/12 12/47/12 11/46/12 16/45/12
o cube
v 1.9821935230646517 0.32901059473863903 -1.8950637315269656
v -0.07449333744239373 0.9242195330684242 -0.1692985454283487
v 1.9821935230646517 0.32901059473863903 -1.8950637315269656
v -0.07449333744239373 0.9242195330684242 -0.1692985454283487
v 1.1785239203264477 1.7976509798953257 1.0227465499549244
v 3.2352107808334933 1.2024420415655408 -0.7030186361436926
v 1.1785239203264477 1.7976509798953257 1.0227465499549244
v 3.2352107808334933 1.2024420415655408 -0.7030186361436926
vt 0 1
vt 1 1
vt 1 1
vt 0 1
vt 0 1
vt 1 1
vt 1 1
vt 0 1
vt 0 1
vt 1 1
vt 1 1
vt 0 1
vt 0 1
vt 1 1
vt 1 1
vt 0 1
vt 1 0
vt 0 0
vt 0 1
vt 1 1
vt 0 1
vt 1 1
vt 1 0
vt 0 0
vn -0.7478861310934716 0.21643961393810368 0.6275509767631336
vn -0.6467185846548862 -0.45080332739452983 -0.6152490814881412
vn 0.7478861310934716 -0.21643961393810368 -0.6275509767631336
vn 0.6467185846548862 0.45080332739452983 0.6152490814881412
vn -0.14973779476144192 0.865985134704023 -0.4771250771984591
vn 0.14973779476144192 -0.865985134704023 0.4771250771984591
usemtl none
f 20/52/13 23/51/13 21/50/13 18/49/13
f 19/56/14 20/55/14 18/54/14 17/53/14
f 24/60/15 19/59/15 17/58/15 22/57/15
f 23/64/16 24/63/16 22/62/16 21/61/16
usemtl m_84216c0b-9175-efe8-e3ff-5c84a592797b
f 22/68/17 17/67/17 18/66/17 21/65/17
f 23/72/18 20/71/18 19/70/18 24/69/18
o cube
v 1.9703636914404066 0.6422763741221167 -2.0172059864081247
v -0.08632316906663884 1.2374853124519019 -0.2914408003095077
v 1.9703636914404066 0.6422763741221167 -2.0172059864081247
v -0.08632316906663884 1.2374853124519019 -0.2914408003095077
v 1.1903537519506928 1.4843852005118494 1.1448888048360835
v 3.2470406124577385 0.8891762621820642 -0.5808763812625337
v 1.1903537519506928 1.4843852005118494 1.1448888048360835
v 3.2470406124577385 0.8891762621820642 -0.5808763812625337
vt 0 1
vt 1 1
vt 1 1
vt 0 1
vt 0 1
vt 1 1
vt 1 1
vt 0 1
vt 0 1
vt 1 1
vt 1 1
vt 0 1
vt 0 1
vt 1 1
vt 1 1
vt 0 1
vt 1 0
vt 0 0
vt 0 1
vt 1 1
vt 0 1
vt 1 1
vt 1 0
vt 0 0
vn -0.7478861310934716 0.2164396139381037 0.6275509767631336
vn -0.6589300237508809 -0.12743220028900515 -0.7413314091074019
vn 0.7478861310934716 -0.2164396139381037 -0.6275509767631336
vn 0.6589300237508809 0.12743220028900515 0.7413314091074019
vn 0.08048328222495604 0.9679436594388269 -0.23792333520373873
vn -0.08048328222495604 -0.9679436594388269 0.23792333520373873
usemtl none
f 28/76/19 31/75/19 29/74/19 26/73/19
f 27/80/20 28/79/20 26/78/20 25/77/20
f 32/84/21 27/83/21 25/82/21 30/81/21
f 31/88/22 32/87/22 30/86/22 29/85/22
usemtl m_84216c0b-9175-efe8-e3ff-5c84a592797b
f 30/92/23 25/91/23 26/90/23 29/89/23
f 31/96/24 28/95/24 27/94/24 32/93/24
o cube
v 2.0920504223890086 0.4861717954549163 -2.293308130821554
v -0.11247890318941356 1.533608484389779 -0.4434883868092053
v 2.0920504223890086 0.4861717954549163 -2.293308130821554
v -0.11247890318941356 1.533608484389779 -0.4434883868092053
v 1.293618992999889 1.533608484389779 1.2322338325135598
v 3.498148318578311 0.48617179545491607 -0.6175859114987893
v 1.293618992999889 1.533608484389779 1.2322338325135598
v 3.498148318578311 0.48617179545491607 -0.6175859114987893
vt 0 1
vt 1 1
vt 1 1
vt 0 1
vt 0 1
vt 1 1
vt 1 1
vt 0 1
vt 0 1
vt 1 1
vt 1 1
vt 0 1
vt 0 1
vt 1 1
vt 1 1
vt 0 1
vt 1 0
vt 0 0
vt 0 1
vt 1 1
vt 0 1
vt 1 1
vt 1 0
vt 0 0
vn -0.7198463103929545 0.3420201433256694 0.6040227735550528
vn -0.6427876096865388 5.551115123125786e-17 -0.7660444431189786
vn 0.7198463103929545 -0.3420201433256694 -0.6040227735550528
vn 0.6427876096865388 -5.551115123125786e-17 0.7660444431189786
vn 0.26200263022938586 0.9396926207859082 -0.21984631039295446
vn -0.26200263022938586 -0.9396926207859082 0.21984631039295446
usemtl none
f 36/100/25 39/99/25 37/98/25 34/97/25
f 35/104/26 36/103/26 34/102/26 33/101/26
f 40/108/27 35/107/27 33/106/27 38/105/27
f 39/112/28 40/111/28 38/110/28 37/109/28
usemtl m_84216c0b-9175-efe8-e3ff-5c84a592797b
f 38/116/29 33/115/29 34/114/29 37/113/29
f 39/120/30 36/119/30 35/118/30 40/117/30
o cube
v -1.067704853926832 0.8326198171709058 3.049516569653284
v 1.0069130395957633 1.310152305754964 1.3087054603646904
v -1.067704853926832 0.8326198171709058 3.049516569653284
v 1.0069130395957633 1.310152305754964 1.3087054603646904
v -0.2384879541719061 1.310152305754964 -0.17550564817833036
v -2.3131058476945014 0.8326198171709058 1.5653054611102633
v -0.2384879541719061 1.310152305754964 -0.17550564817833036
v -2.3131058476945014 0.8326198171709058 1.5653054611102633
vt 0 1
vt 1 1
vt 1 1
vt 0 1
vt 0 1
vt 1 1
vt 1 1
vt 0 1
vt 0 1
vt 1 1
vt 1 1
vt 0 1
vt 0 1
vt 1 1
vt 1 1
vt 0 1
vt 1 0
vt 0 0
vt 0 1
vt 1 1
vt 0 1
vt 1 1
vt 1 0
vt 0 0
vn 0.7544065067354893 0.1736481776669303 -0.6330222215594887
vn 0.642787609686539 1.3877787807814457e-17 0.7660444431189783
vn -0.7544065067354893 -0.1736481776669303 0.6330222215594887
vn -0.642787609686539 -1.3877787807814457e-17 -0.7660444431189783
vn -0.13302222155948903 0.9848077530122081 0.11161889704894958
vn 0.13302222155948903 -0.9848077530122081 -0.11161889704894958
usemtl none
f 44/124/31 47/123/31 45/122/31 42/121/31
f 43/128/32 44/127/32 42/126/32 41/125/32
f 48/132/33 43/131/33 41/130/33 46/129/33
f 47/136/34 48/135/34 46/134/34 45/133/34
usemtl m_84216c0b-9175-efe8-e3ff-5c84a592797b
f 46/140/35 41/139/35 42/138/35 45/137/35
f 47/144/36 44/143/36 43/142/36 48/141/36
o cube
v -1.182917356053748 0.5639450247994748 3.309367248861526
v 1.0545132033852347 1.4848565357813108 1.4319400916515015
v -1.182917356053748 0.5639450247994748 3.309367248861526
v 1.0545132033852347 1.4848565357813108 1.4319400916515015
v -0.3515846928040694 1.4848565357813108 -0.24378212767126373
v -2.589015252243052 0.5639450247994748 1.6336450295387608
v -0.3515846928040694 1.4848565357813108 -0.24378212767126373
v -2.589015252243052 0.5639450247994748 1.6336450295387608
vt 0 1
vt 1 1
vt 1 1
vt 0 1
vt 0 1
vt 1 1
vt 1 1
vt 0 1
vt 0 1
vt 1 1
vt 1 1
vt 0 1
vt 0 1
vt 1 1
vt 1 1
vt 0 1
vt 1 0
vt 0 0
vt 0 1
vt 1 1
vt 0 1
vt 1 1
vt 1 0
vt 0 0
vn 0.7305895704290556 0.3007057995042731 -0.6130374390889874
vn 0.642787609686539 2.775557561562892e-17 0.7660444431189783
vn -0.7305895704290556 -0.3007057995042731 0.6130374390889874
vn -0.642787609686539 -2.775557561562892e-17 -0.7660444431189783
vn -0.23035400672389797 0.9537169507482269 0.1932899620822313
vn 0.23035400672389797 -0.9537169507482269 -0.1932899620822313
usemtl none
f 52/148/37 55/147/37 53/146/37 50/145/37
f 51/152/38 52/151/38 50/150/38 49/149/38
f 56/156/39 51/155/39 49/154/39 54/153/39
f 55/160/40 56/159/40 54/158/40 53/157/40
usemtl m_84216c0b-9175-efe8-e3ff-5c84a592797b
f 54/164/41 49/163/41 50/162/41 53/161/41
f 55/168/42 52/167/42 51/166/42 56/165/42
o cube
v -1.1493328094848814 1.1589181532283255 3.0417450425175296
v 0.925285084037714 1.6364506418123836 1.3009339332289356
v -1.1493328094848814 1.1589181532283255 3.0417450425175296
v 0.925285084037714 1.6364506418123836 1.3009339332289356
v -0.1568599986138563 0.9838539696975452 -0.1677341210425749
v -2.2314778921364518 0.5063214811134868 1.5730769882460187
v -0.1568599986138563 0.9838539696975452 -0.1677341210425749
v -2.2314778921364518 0.5063214811134868 1.5730769882460187
vt 0 1
vt 1 1
vt 1 1
vt 0 1
vt 0 1
vt 1 1
vt 1 1
vt 0 1
vt 0 1
vt 1 1
vt 1 1
vt 0 1
vt 0 1
vt 1 1
vt 1 1
vt 0 1
vt 1 0
vt 0 0
vt 0 1
vt 1 1
vt 0 1
vt 1 1
vt 1 0
vt 0 0
vn 0.7544065067354893 0.17364817766693036 -0.6330222215594887
vn 0.5585264942717781 0.33682408883346515 0.7580222215594893
vn -0.7544065067354893 -0.17364817766693036 0.6330222215594887
vn -0.5585264942717781 -0.33682408883346515 -0.7580222215594893
vn -0.34484631039295405 0.9254165783983235 -0.15711517633222505
vn 0.34484631039295405 -0.9254165783983235 0.15711517633222505
usemtl none
f 60/172/43 63/171/43 61/170/43 58/169/43
f 59/176/44 60/175/44 58/174/44 57/173/44
f 64/180/45 59/179/45 57/178/45 62/177/45
f 63/184/46 64/183/46 62/182/46 61/181/46
usemtl m_84216c0b-9175-efe8-e3ff-5c84a592797b
f 62/188/47 57/187/47 58/186/47 61/185/47
f 63/192/48 60/191/48 59/190/48 64/189/48
o cube
v -1.0562118490663581 0.7080935862911084 3.0290538513249876
v 1.0184060444562373 1.1856260748751666 1.288242742036394
v -1.0562118490663581 0.7080935862911084 3.0290538513249876
v 1.0184060444562373 1.1856260748751666 1.288242742036394
v -0.2499809590323791 1.4346785366347619 -0.15504292985003287
v -2.3245988525549746 0.9571460480507037 1.5857681794385607
v -0.2499809590323791 1.4346785366347619 -0.15504292985003287
v -2.3245988525549746 0.9571460480507037 1.5857681794385607
vt 0 1
vt 1 1
vt 1 1
vt 0 1
vt 0 1
vt 1 1
vt 1 1
vt 0 1
vt 0 1
vt 1 1
vt 1 1
vt 0 1
vt 0 1
vt 1 1
vt 1 1
vt 0 1
vt 1 0
vt 0 0
vt 0 1
vt 1 1
vt 0 1
vt 1 1
vt 1 0
vt 0 0
vn 0.7544065067354894 0.1736481776669303 -0.6330222215594887
vn 0.6546513566392858 -0.12854320606946854 0.7449216371026719
vn -0.7544065067354894 -0.1736481776669303 0.6330222215594887
vn -0.6546513566392858 0.12854320606946854 -0.7449216371026719
vn -0.047983578915071226 0.9763825861650424 0.21065284614304353
vn 0.047983578915071226 -0.9763825861650424 -0.21065284614304353
usemtl none
f 68/196/49 71/195/49 69/194/49 66/193/49
f 67/200/50 68/199/50 66/198/50 65/197/50
f 72/204/51 67/203/51 65/202/51 70/201/51
f 71/208/52 72/207/52 70/206/52 69/205/52
usemtl m_84216c0b-9175-efe8-e3ff-5c84a592797b
f 70/212/53 65/211/53 66/210/53 69/209/53
f 71/216/54 68/215/54 67/214/54 72/213/54
o cube
v -1.0785599012376603 0.3920966283599241 2.915737431425505
v 0.9960579922849349 0.8696291169439823 1.1749263221369115
v -1.0785599012376603 0.3920966283599241 2.915737431425505
v 0.9960579922849349 0.8696291169439823 1.1749263221369115
v -0.22763290686107723 1.7506754945659448 -0.04172650995055083
v -2.3022508003836726 1.273143005981887 1.6990845993380428
v -0.22763290686107723 1.7506754945659448 -0.04172650995055083
v -2.3022508003836726 1.273143005981887 1.6990845993380428
vt 0 1
vt 1 1
vt 1 1
vt 0 1
vt 0 1
vt 1 1
vt 1 1
vt 0 1
vt 0 1
vt 1 1
vt 1 1
vt 0 1
vt 0 1
vt 1 1
vt 1 1
vt 0 1
vt 1 0
vt 0 0
vt 0 1
vt 1 1
vt 0 1
vt 1 1
vt 1 0
vt 0 0
vn 0.7544065067354895 0.17364817766693033 -0.6330222215594887
vn 0.6315823995592321 -0.454733614256497 0.6279498488193354
vn -0.7544065067354895 -0.17364817766693033 0.6330222215594887
vn -0.6315823995592321 0.454733614256497 -0.6279498488193354
vn 0.17881413580072125 0.8735351455197311 0.45272713015641497
vn -0.17881413580072125 -0.8735351455197311 -0.45272713015641497
usemtl none
f 76/220/55 79/219/55 77/218/55 74/217/55
f 75/224/56 76/223/56 74/222/56 73/221/56
f 80/228/57 75/227/57 73/226/57 78/225/57
f 79/232/58 80/231/58 78/230/58 77/229/58
usemtl m_84216c0b-9175-efe8-e3ff-5c84a592797b
f 78/236/59 73/235/59 74/234/59 77/233/59
f 79/240/60 76/239/60 75/238/60 80/237/60
o cube
v 1.464303097578365 0.7657263181520915 3.1513322557298236
v 1.464303097578365 1.3609352564818744 0.4665182361500073
v 1.464303097578365 0.7657263181520915 3.1513322557298236
v 1.464303097578365 1.3609352564818744 0.4665182361500073
v -0.4731969024216347 1.3609352564818744 0.4665182361500073
v -0.4731969024216347 0.7657263181520915 3.1513322557298236
v -0.4731969024216347 1.3609352564818744 0.4665182361500073
v -0.4731969024216347 0.7657263181520915 3.1513322557298236
vt 0 1
vt 1 1
vt 1 1
vt 0 1
vt 0 1
vt 1 1
vt 1 1
vt 0 1
vt 0 1
vt 1 1
vt 1 1
vt 0 1
vt 0 1
vt 1 1
vt 1 1
vt 0 1
vt 1 0
vt 0 0
vt 0 1
vt 1 1
vt 0 1
vt 1 1
vt 1 0
vt 0 0
vn 0 0.21643961393810288 -0.9762960071199334
vn 1 0 0
vn 0 -0.21643961393810288 0.9762960071199334
vn -1 0 0
vn 0 0.9762960071199334 0.21643961393810288
vn 0 -0.9762960071199334 -0.21643961393810288
usemtl none
f 84/244/61 87/243/61 85/242/61 82/241/61
f 83/248/62 84/247/62 82/246/62 81/245/62
f 88/252/63 83/251/63 81/250/63 86/249/63
f 87/256/64 88/255/64 86/254/64 85/253/64
usemtl m_84216c0b-9175-efe8-e3ff-5c84a592797b
f 86/260/65 81/259/65 82/258/65 85/257/65
f 87/264/66 84/263/66 83/262/66 88/261/66
o cube
v 1.589303097578365 0.4861717954549175 3.3946565435161355
v 1.589303097578365 1.5336084843897781 0.516847892359291
v 1.589303097578365 0.4861717954549175 3.3946565435161355
v 1.589303097578365 1.5336084843897781 0.516847892359291
v -0.5981969024216347 1.5336084843897781 0.516847892359291
v -0.5981969024216347 0.4861717954549175 3.3946565435161355
v -0.5981969024216347 1.5336084843897781 0.516847892359291
v -0.5981969024216347 0.4861717954549175 3.3946565435161355
vt 0 1
vt 1 1
vt 1 1
vt 0 1
vt 0 1
vt 1 1
vt 1 1
vt 0 1
vt 0 1
vt 1 1
vt 1 1
vt 0 1
vt 0 1
vt 1 1
vt 1 1
vt 0 1
vt 1 0
vt 0 0
vt 0 1
vt 1 1
vt 0 1
vt 1 1
vt 1 0
vt 0 0
vn 0 0.34202014332566877 -0.9396926207859085
vn 1 0 0
vn 0 -0.34202014332566877 0.9396926207859085
vn -1 0 0
vn 0 0.9396926207859085 0.34202014332566877
vn 0 -0.9396926207859085 -0.34202014332566877
usemtl none
f 92/268/67 95/267/67 93/266/67 90/265/67
f 91/272/68 92/271/68 90/270/68 89/269/68
f 96/276/69 91/275/69 89/274/69 94/273/69
f 95/280/70 96/279/70 94/278/70 93/277/70
usemtl m_84216c0b-9175-efe8-e3ff-5c84a592797b
f 94/284/71 89/283/71 90/282/71 93/281/71
f 95/288/72 92/287/72 91/286/72 96/285/72
o cube
v 1.4058803239647142 1.0892044403016723 3.2230456288921463
v 1.4058803239647142 1.6844133786314552 0.5382316093123303
v 1.4058803239647142 1.0892044403016723 3.2230456288921463
v 1.4058803239647142 1.6844133786314552 0.5382316093123303
v -0.4147741288079836 1.0374571343322947 0.3948048629876846
v -0.4147741288079836 0.44224819600251175 3.079618882567501
v -0.4147741288079836 1.0374571343322947 0.3948048629876846
v -0.4147741288079836 0.44224819600251175 3.079618882567501
vt 0 1
vt 1 1
vt 1 1
vt 0 1
vt 0 1
vt 1 1
vt 1 1
vt 0 1
vt 0 1
vt 1 1
vt 1 1
vt 0 1
vt 0 1
vt 1 1
vt 1 1
vt 0 1
vt 1 0
vt 0 0
vt 0 1
vt 1 1
vt 0 1
vt 1 1
vt 1 0
vt 0 0
vn 0 0.21643961393810288 -0.9762960071199334
vn 0.9396926207859084 0.3339129002834376 0.07402670778046233
vn 0 -0.21643961393810288 0.9762960071199334
vn -0.9396926207859084 -0.3339129002834376 -0.07402670778046233
vn -0.3420201433256686 0.9174181535933481 0.20338670806338613
vn 0.3420201433256686 -0.9174181535933481 -0.20338670806338613
usemtl none
f 100/292/73 103/291/73 101/290/73 98/289/73
f 99/296/74 100/295/74 98/294/74 97/293/74
f 104/300/75 99/299/75 97/298/75 102/297/75
f 103/304/76 104/303/76 102/302/76 101/301/76
usemtl m_84216c0b-9175-efe8-e3ff-5c84a592797b
f 102/308/77 97/307/77 98/306/77 101/305/77
f 103/312/78 100/311/78 99/310/78 104/309/78
o cube
v 1.4560153070342445 0.642276374122118 3.123964062034809
v 1.4560153070342445 1.2374853124519007 0.43915004245499256
v 1.4560153070342445 0.642276374122118 3.123964062034809
v 1.4560153070342445 1.2374853124519007 0.43915004245499256
v -0.46490911187751327 1.4843852005118485 0.4938864298450223
v -0.46490911187751327 0.8891762621820658 3.1787004494248388
v -0.46490911187751327 1.4843852005118485 0.4938864298450223
v -0.46490911187751327 0.8891762621820658 3.1787004494248388
vt 0 1
vt 1 1
vt 1 1
vt 0 1
vt 0 1
vt 1 1
vt 1 1
vt 0 1
vt 0 1
vt 1 1
vt 1 1
vt 0 1
vt 0 1
vt 1 1
vt 1 1
vt 0 1
vt 1 0
vt 0 0
vt 0 1
vt 1 1
vt 0 1
vt 1 1
vt 1 0
vt 0 0
vn 0 0.2164396139381029 -0.9762960071199335
vn 0.9914448613738105 -0.1274322002890053 -0.028251038652918576
vn 0 -0.2164396139381029 0.9762960071199335
vn -0.9914448613738105 0.1274322002890053 0.028251038652918576
vn 0.13052619222005157 0.9679436594388269 0.21458794303666345
vn -0.13052619222005157 -0.9679436594388269 -0.21458794303666345
usemtl none
f 108/316/79 111/315/79 109/314/79 106/313/79
f 107/320/80 108/319/80 106/318/80 105/317/80
f 112/324/81 107/323/81 105/322/81 110/321/81
f 111/328/82 112/327/82 110/326/82 109/325/82
usemtl m_84216c0b-9175-efe8-e3ff-5c84a592797b
f 110/332/83 105/331/83 106/330/83 109/329/83
f 111/336/84 108/335/84 107/334/84 112/333/84
o cube
v 1.3548448422197676 0.32901059473864036 3.054514710756811
v 1.3548448422197676 0.9242195330684231 0.36970069117699467
v 1.3548448422197676 0.32901059473864036 3.054514710756811
v 1.3548448422197676 0.9242195330684231 0.36970069117699467
v -0.36373864706303727 1.7976509798953253 0.5633357811230197
v -0.36373864706303727 1.2024420415655424 3.248149800702836
v -0.36373864706303727 1.7976509798953253 0.5633357811230197
v -0.36373864706303727 1.2024420415655424 3.248149800702836
vt 0 1
vt 1 1
vt 1 1
vt 0 1
vt 0 1
vt 1 1
vt 1 1
vt 0 1
vt 0 1
vt 1 1
vt 1 1
vt 0 1
vt 0 1
vt 1 1
vt 1 1
vt 0 1
vt 1 0
vt 0 0
vt 0 1
vt 1 1
vt 0 1
vt 1 1
vt 1 0
vt 0 0
vn 0 0.21643961393810288 -0.9762960071199334
vn 0.8870108331782217 -0.45080332739453005 -0.09994069158504512
vn 0 -0.21643961393810288 0.9762960071199334
vn -0.8870108331782217 0.45080332739453005 0.09994069158504512
vn 0.46174861323503397 0.8659851347040232 0.19198428229200928
vn -0.46174861323503397 -0.8659851347040232 -0.19198428229200928
usemtl none
f 116/340/85 119/339/85 117/338/85 114/337/85
f 115/344/86 116/343/86 114/342/86 113/341/86
f 120/348/87 115/347/87 113/346/87 118/345/87
f 119/352/88 120/351/88 118/350/88 117/349/88
usemtl m_84216c0b-9175-efe8-e3ff-5c84a592797b
f 118/356/89 113/355/89 114/354/89 117/353/89
f 119/360/90 116/359/90 115/358/90 120/357/90
o cube
v 1.401803097578365 1.3609352564818744 0.5334817638499927
v 1.401803097578365 0.7657263181520915 -2.1513322557298236
v 1.401803097578365 1.3609352564818744 0.5334817638499927
v 1.401803097578365 0.7657263181520915 -2.1513322557298236
v -0.5356969024216347 0.7657263181520915 -2.1513322557298236
v -0.5356969024216347 1.3609352564818744 0.5334817638499927
v -0.5356969024216347 0.7657263181520915 -2.1513322557298236
v -0.5356969024216347 1.3609352564818744 0.5334817638499927
vt 1 1
vt 0 1
vt 0 1
vt 1 1
vt 1 1
vt 0 1
vt 0 1
vt 1 1
vt 1 1
vt 0 1
vt 0 1
vt 1 1
vt 1 1
vt 0 1
vt 0 1
vt 1 1
vt 1 1
vt 0 1
vt 0 0
vt 1 0
vt 0 0
vt 1 0
vt 1 1
vt 0 1
vn 0 -0.21643961393810288 -0.9762960071199334
vn 1 0 0
vn 0 0.21643961393810288 0.9762960071199334
vn -1 0 0
vn 0 0.9762960071199334 -0.21643961393810288
vn 0 -0.9762960071199334 0.21643961393810288
usemtl none
f 124/364/91 127/363/91 125/362/91 122/361/91
f 123/368/92 124/367/92 122/366/92 121/365/92
f 128/372/93 123/371/93 121/370/93 126/369/93
f 127/376/94 128/375/94 126/374/94 125/373/94
usemtl m_84216c0b-9175-efe8-e3ff-5c84a592797b
f 126/380/95 121/379/95 122/378/95 125/377/95
f 127/384/96 124/383/96 123/382/96 128/381/96
o cube
v 1.526803097578365 1.5336084843897781 0.48315210764070904
v 1.526803097578365 0.4861717954549175 -2.3946565435161355
v 1.526803097578365 1.5336084843897781 0.48315210764070904
v 1.526803097578365 0.4861717954549175 -2.3946565435161355
v -0.6606969024216347 0.4861717954549175 -2.3946565435161355
v -0.6606969024216347 1.5336084843897781 0.48315210764070904
v -0.6606969024216347 0.4861717954549175 -2.3946565435161355
v -0.6606969024216347 1.5336084843897781 0.48315210764070904
vt 1 1
vt 0 1
vt 0 1
vt 1 1
vt 1 1
vt 0 1
vt 0 1
vt 1 1
vt 1 1
vt 0 1
vt 0 1
vt 1 1
vt 1 1
vt 0 1
vt 0 1
vt 1 1
vt 1 1
vt 0 1
vt 0 0
vt 1 0
vt 0 0
vt 1 0
vt 1 1
vt 0 1
vn 0 -0.34202014332566877 -0.9396926207859085
vn 1 0 0
vn 0 0.34202014332566877 0.9396926207859085
vn -1 0 0
vn 0 0.9396926207859085 -0.34202014332566877
vn 0 -0.9396926207859085 0.34202014332566877
usemtl none
f 132/388/97 135/387/97 133/386/97 130/385/97
f 131/392/98 132/391/98 130/390/98 129/389/98
f 136/396/99 131/395/99 129/394/99 134/393/99
f 135/400/100 136/399/100 134/398/100 133/397/100
usemtl m_84216c0b-9175-efe8-e3ff-5c84a592797b
f 134/404/101 129/403/101 130/402/101 133/401/101
f 135/408/102 132/407/102 131/406/102 136/405/102
o cube
v 1.3433803239647142 1.6844133786314552 0.4617683906876697
v 1.3433803239647142 1.0892044403016723 -2.2230456288921463
v 1.3433803239647142 1.6844133786314552 0.4617683906876697
v 1.3433803239647142 1.0892044403016723 -2.2230456288921463
v -0.4772741288079836 0.44224819600251175 -2.079618882567501
v -0.4772741288079836 1.0374571343322947 0.6051951370123154
v -0.4772741288079836 0.44224819600251175 -2.079618882567501
v -0.4772741288079836 1.0374571343322947 0.6051951370123154
vt 1 1
vt 0 1
vt 0 1
vt 1 1
vt 1 1
vt 0 1
vt 0 1
vt 1 1
vt 1 1
vt 0 1
vt 0 1
vt 1 1
vt 1 1
vt 0 1
vt 0 1
vt 1 1
vt 1 1
vt 0 1
vt 0 0
vt 1 0
vt 0 0
vt 1 0
vt 1 1
vt 0 1
vn 0 -0.21643961393810288 -0.9762960071199334
vn 0.9396926207859084 0.3339129002834376 -0.07402670778046233
vn 0 0.21643961393810288 0.9762960071199334
vn -0.9396926207859084 -0.3339129002834376 0.07402670778046233
vn -0.3420201433256686 0.9174181535933481 -0.20338670806338613
vn 0.3420201433256686 -0.9174181535933481 0.20338670806338613
usemtl none
f 140/412/103 143/411/103 141/410/103 138/409/103
f 139/416/104 140/415/104 138/414/104 137/413/104
f 144/420/105 139/419/105 137/418/105 142/417/105
f 143/424/106 144/423/106 142/422/106 141/421/106
usemtl m_84216c0b-9175-efe8-e3ff-5c84a592797b
f 142/428/107 137/427/107 138/426/107 141/425/107
f 143/432/108 140/431/108 139/430/108 144/429/108
o cube
v 1.3935153070342445 1.2374853124519007 0.5608499575450074
v 1.3935153070342445 0.642276374122118 -2.123964062034809
v 1.3935153070342445 1.2374853124519007 0.5608499575450074
v 1.3935153070342445 0.642276374122118 -2.123964062034809
v -0.5274091118775133 0.8891762621820658 -2.1787004494248388
v -0.5274091118775133 1.4843852005118485 0.5061135701549777
v -0.5274091118775133 0.8891762621820658 -2.1787004494248388
v -0.5274091118775133 1.4843852005118485 0.5061135701549777
vt 1 1
vt 0 1
vt 0 1
vt 1 1
vt 1 1
vt 0 1
vt 0 1
vt 1 1
vt 1 1
vt 0 1
vt 0 1
vt 1 1
vt 1 1
vt 0 1
vt 0 1
vt 1 1
vt 1 1
vt 0 1
vt 0 0
vt 1 0
vt 0 0
vt 1 0
vt 1 1
vt 0 1
vn 0 -0.2164396139381029 -0.9762960071199335
vn 0.9914448613738105 -0.1274322002890053 0.028251038652918576
vn 0 0.2164396139381029 0.9762960071199335
vn -0.9914448613738105 0.1274322002890053 -0.028251038652918576
vn 0.13052619222005157 0.9679436594388269 -0.21458794303666345
vn -0.13052619222005157 -0.9679436594388269 0.21458794303666345
usemtl none
f 148/436/109 151/435/109 149/434/109 146/433/109
f 147/440/110 148/439/110 146/438/110 145/437/110
f 152/444/111 147/443/111 145/442/111 150/441/111
f 151/448/112 152/447/112 150/446/112 149/445/112
usemtl m_84216c0b-9175-efe8-e3ff-5c84a592797b
f 150/452/113 145/451/113 146/450/113 149/449/113
f 151/456/114 148/455/114 147/454/114 152/453/114
o cube
v 1.2923448422197676 0.9242195330684231 0.6302993088230053
v 1.2923448422197676 0.32901059473864036 -2.054514710756811
v 1.2923448422197676 0.9242195330684231 0.6302993088230053
v 1.2923448422197676 0.32901059473864036 -2.054514710756811
v -0.42623864706303727 1.2024420415655424 -2.248149800702836
v -0.42623864706303727 1.7976509798953253 0.43666421887698026
v -0.42623864706303727 1.2024420415655424 -2.248149800702836
v -0.42623864706303727 1.7976509798953253 0.43666421887698026
vt 1 1
vt 0 1
vt 0 1
vt 1 1
vt 1 1
vt 0 1
vt 0 1
vt 1 1
vt 1 1
vt 0 1
vt 0 1
vt 1 1
vt 1 1
vt 0 1
vt 0 1
vt 1 1
vt 1 1
vt 0 1
vt 0 0
vt 1 0
vt 0 0
vt 1 0
vt 1 1
vt 0 1
vn 0 -0.21643961393810288 -0.9762960071199334
vn 0.8870108331782217 -0.45080332739453005 0.09994069158504512
vn 0 0.21643961393810288 0.9762960071199334
vn -0.8870108331782217 0.45080332739453005 -0.09994069158504512
vn 0.46174861323503397 0.8659851347040232 -0.19198428229200928
vn -0.46174861323503397 -0.8659851347040232 0.19198428229200928
usemtl none
f 156/460/115 159/459/115 157/458/115 154/457/115
f 155/464/116 156/463/116 154/462/116 153/461/116
f 160/468/117 155/467/117 153/466/117 158/465/117
f 159/472/118 160/471/118 158/470/118 157/469/118
usemtl m_84216c0b-9175-efe8-e3ff-5c84a592797b
f 158/476/119 153/475/119 154/474/119 157/473/119
f 159/480/120 156/479/120 155/478/120 160/477/120
o cube
v 1.0662781815198983 1.340747777048381 -0.2676605779119449
v -1.0340709291969428 0.881061913897232 -1.9822224812359268
v 1.0662781815198983 1.340747777048381 -0.2676605779119449
v -1.0340709291969428 0.881061913897232 -1.9822224812359268
v -2.245901047289098 0.7897369997607016 -0.47323812911602886
v -0.14555193657225707 1.249422862911851 1.2413237742079528
v -2.245901047289098 0.7897369997607016 -0.47323812911602886
v -0.14555193657225707 1.249422862911851 1.2413237742079528
vt 1 1
vt 0 1
vt 0 1
vt 1 1
vt 1 1
vt 0 1
vt 0 1
vt 1 1
vt 1 1
vt 0 1
vt 0 1
vt 1 1
vt 1 1
vt 0 1
vt 0 1
vt 1 1
vt 1 1
vt 0 1
vt 0 0
vt 1 0
vt 0 0
vt 1 0
vt 1 1
vt 0 1
vn -0.7637633129879422 -0.16715849569132696 -0.6234770557541754
vn 0.62546070611208 0.04713543955433831 -0.7788306333522055
vn 0.7637633129879422 0.16715849569132696 0.6234770557541754
vn -0.62546070611208 -0.04713543955433831 0.7788306333522055
vn -0.15957602214449587 0.9848026643222653 -0.06855075127456617
vn 0.15957602214449587 -0.9848026643222653 0.06855075127456617
usemtl none
f 164/484/121 167/483/121 165/482/121 162/481/121
f 163/488/122 164/487/122 162/486/122 161/485/122
f 168/492/123 163/491/123 161/490/123 166/489/123
f 167/496/124 168/495/124 166/494/124 165/493/124
usemtl m_84216c0b-9175-efe8-e3ff-5c84a592797b
f 166/500/125 161/499/125 162/498/125 165/497/125
f 167/504/126 164/503/126 163/502/126 168/501/126
o cube
v 1.1068367113884228 1.5214193639112472 -0.3846516087033582
v -1.1483893954835684 0.6202145077197363 -2.25031268833702
v 1.1068367113884228 1.5214193639112472 -0.3846516087033582
v -1.1483893954835684 0.6202145077197363 -2.25031268833702
v -2.516584690103744 0.5171057336946214 -0.5466206778790705
v -0.26135858323175254 1.4183105898861323 1.3190404017545911
v -2.516584690103744 0.5171057336946214 -0.5466206778790705
v -0.26135858323175254 1.4183105898861323 1.3190404017545911
vt 1 1
vt 0 1
vt 0 1
vt 1 1
vt 1 1
vt 0 1
vt 0 1
vt 1 1
vt 1 1
vt 0 1
vt 0 1
vt 1 1
vt 1 1
vt 0 1
vt 0 1
vt 1 1
vt 1 1
vt 0 1
vt 0 0
vt 1 0
vt 0 0
vt 1 0
vt 1 1
vt 0 1
vn -0.7364003614275889 -0.29427097345028935 -0.6091954545742571
vn 0.6254607061120802 0.04713543955433831 -0.7788306333522056
vn 0.7364003614275889 0.29427097345028935 0.6091954545742571
vn -0.6254607061120802 -0.04713543955433831 0.7788306333522056
vn -0.25790194415532136 0.9545589790697265 -0.14934437611864412
vn 0.25790194415532136 -0.9545589790697265 0.14934437611864412
usemtl none
f 172/508/127 175/507/127 173/506/127 170/505/127
f 171/512/128 172/511/128 170/510/128 169/509/128
f 176/516/129 171/515/129 169/514/129 174/513/129
f 175/520/130 176/519/130 174/518/130 173/517/130
usemtl m_84216c0b-9175-efe8-e3ff-5c84a592797b
f 174/524/131 169/523/131 170/522/131 173/521/131
f 175/528/132 172/527/132 171/526/132 176/525/132
o cube
v 0.9768643875036898 1.6642906439456513 -0.24487219060674176
v -1.1234847232131513 1.2046047807945022 -1.9594340939307235
v 0.9768643875036898 1.6642906439456513 -0.24487219060674176
v -1.1234847232131513 1.2046047807945022 -1.9594340939307235
v -2.156487253272889 0.4661941328634326 -0.4960265164212327
v -0.05613814255604832 0.9258799960145818 1.218535386902749
v -2.156487253272889 0.4661941328634326 -0.4960265164212327
v -0.05613814255604832 0.9258799960145818 1.218535386902749
vt 1 1
vt 0 1
vt 0 1
vt 1 1
vt 1 1
vt 0 1
vt 0 1
vt 1 1
vt 1 1
vt 0 1
vt 0 1
vt 1 1
vt 1 1
vt 0 1
vt 0 1
vt 1 1
vt 1 1
vt 0 1
vt 0 0
vt 1 0
vt 0 0
vt 1 0
vt 1 1
vt 0 1
vn -0.7637633129879422 -0.16715849569132696 -0.6234770557541753
vn 0.5331625961598648 0.3811151731257134 -0.7553071367790922
vn 0.7637633129879422 0.16715849569132696 0.6234770557541753
vn -0.5331625961598648 -0.3811151731257134 0.7553071367790922
vn -0.363872570812579 0.9092905268018414 0.20195912972350263
vn 0.363872570812579 -0.9092905268018414 -0.20195912972350263
usemtl none
f 180/532/133 183/531/133 181/530/133 178/529/133
f 179/536/134 180/535/134 178/534/134 177/533/134
f 184/540/135 179/539/135 177/538/135 182/537/135
f 183/544/136 184/543/136 182/542/136 181/541/136
usemtl m_84216c0b-9175-efe8-e3ff-5c84a592797b
f 182/548/137 177/547/137 178/546/137 181/545/137
f 183/552/138 180/551/138 179/550/138 184/549/138
o cube
v 1.0812724431548277 1.2158315409691953 -0.25253773885748704
v -1.0190766675620133 0.7561456778180462 -1.967099642181469
v 1.0812724431548277 1.2158315409691953 -0.25253773885748704
v -1.0190766675620133 0.7561456778180462 -1.967099642181469
v -2.260895308924027 0.9146532358398882 -0.4883609681704875
v -0.16054619820718596 1.3743390989910373 1.2262009351534942
v -2.260895308924027 0.9146532358398882 -0.4883609681704875
v -0.16054619820718596 1.3743390989910373 1.2262009351534942
vt 1 1
vt 0 1
vt 0 1
vt 1 1
vt 1 1
vt 0 1
vt 0 1
vt 1 1
vt 1 1
vt 0 1
vt 0 1
vt 1 1
vt 1 1
vt 0 1
vt 0 1
vt 1 1
vt 1 1
vt 0 1
vt 0 0
vt 1 0
vt 0 0
vt 1 0
vt 1 1
vt 0 1
vn -0.7637633129879422 -0.16715849569132696 -0.6234770557541754
vn 0.6409386536062005 -0.08181035252740235 -0.7632199607798615
vn 0.7637633129879422 0.16715849569132696 0.6234770557541754
vn -0.6409386536062005 0.08181035252740235 0.7632199607798615
vn -0.07657182280155925 0.9825299504531935 -0.16962208705027726
vn 0.07657182280155925 -0.9825299504531935 0.16962208705027726
usemtl none
f 188/556/139 191/555/139 189/554/139 186/553/139
f 187/560/140 188/559/140 186/558/140 185/557/140
f 192/564/141 187/563/141 185/562/141 190/561/141
f 191/568/142 192/567/142 190/566/142 189/565/142
usemtl m_84216c0b-9175-efe8-e3ff-5c84a592797b
f 190/572/143 185/571/143 186/570/143 189/569/143
f 191/576/144 188/575/144 187/574/144 192/573/144
o cube
v 1.0691977255477105 0.8950675015257603 -0.1517470841761696
v -1.0311513851691305 0.4353816383746112 -1.8663089875001515
v 1.0691977255477105 0.8950675015257603 -0.1517470841761696
v -1.0311513851691305 0.4353816383746112 -1.8663089875001515
v -2.2488205913169104 1.2354172752833221 -0.5891516228518048
v -0.1484714806000691 1.6951031384344715 1.125410280472177
v -2.2488205913169104 1.2354172752833221 -0.5891516228518048
v -0.1484714806000691 1.6951031384344715 1.125410280472177
vt 1 1
vt 0 1
vt 0 1
vt 1 1
vt 1 1
vt 0 1
vt 0 1
vt 1 1
vt 1 1
vt 0 1
vt 0 1
vt 1 1
vt 1 1
vt 0 1
vt 0 1
vt 1 1
vt 1 1
vt 0 1
vt 0 0
vt 1 0
vt 0 0
vt 1 0
vt 1 1
vt 0 1
vn -0.7637633129879423 -0.167158495691327 -0.6234770557541754
vn 0.6284744289794991 -0.41292161904965724 -0.6591779946572113
vn 0.7637633129879423 0.167158495691327 0.6234770557541754
vn -0.6284744289794991 0.41292161904965724 0.6591779946572113
vn 0.1472599533226025 0.8952953556450645 -0.42042922389839
vn -0.1472599533226025 -0.8952953556450645 0.42042922389839
usemtl none
f 196/580/145 199/579/145 197/578/145 194/577/145
f 195/584/146 196/583/146 194/582/146 193/581/146
f 200/588/147 195/587/147 193/586/147 198/585/147
f 199/592/148 200/591/148 198/590/148 197/589/148
usemtl m_84216c0b-9175-efe8-e3ff-5c84a592797b
f 198/596/149 193/595/149 194/594/149 197/593/149
f 199/600/150 196/599/150 195/598/150 200/597/150
o cube
v 0.4976175764719144 1.423435261723906 -0.43766727319571286
v -2.187196443107901 0.8282263233941236 -0.4376673551520994
v 0.4976175764719144 1.423435261723906 -0.43766727319571286
v -2.187196443107901 0.8282263233941236 -0.4376673551520994
v -2.1871964994811846 0.8282263108964676 1.4998326448479
v 0.4976175200986308 1.42343524922625 1.4998327268042866
v -2.1871964994811846 0.8282263108964676 1.4998326448479
v 0.4976175200986308 1.42343524922625 1.4998327268042866
vt 1 1
vt 0 1
vt 0 1
vt 1 1
vt 1 1
vt 0 1
vt 0 1
vt 1 1
vt 1 1
vt 0 1
vt 0 1
vt 1 1
vt 1 1
vt 0 1
vt 0 1
vt 1 1
vt 1 1
vt 0 1
vt 0 0
vt 1 0
vt 0 0
vt 1 0
vt 1 1
vt 0 1
vn -0.976296007119933 -0.21643961393810282 -2.9802322412507184e-8
vn 2.9095888350007932e-8 6.4504031520516546e-9 -0.9999999999999997
vn 0.976296007119933 0.21643961393810282 2.9802322412507184e-8
vn -2.9095888350007932e-8 -6.4504031520516546e-9 0.9999999999999997
vn -0.21643961393810285 0.9762960071199334 4.12443685055005e-17
vn 0.21643961393810285 -0.9762960071199334 -4.12443685055005e-17
usemtl none
f 204/604/151 207/603/151 205/602/151 202/601/151
f 203/608/152 204/607/152 202/606/152 201/605/152
f 208/612/153 203/611/153 201/610/153 206/609/153
f 207/616/154 208/615/154 206/614/154 205/613/154
usemtl m_84216c0b-9175-efe8-e3ff-5c84a592797b
f 206/620/155 201/619/155 202/618/155 205/617/155
f 207/624/156 204/623/156 203/622/156 208/621/156
o cube
v 0.4472879238996168 1.5961084904381106 -0.5626672735462869
v -2.430520727257227 0.5486718015032501 -0.562667364035075
v 0.4472879238996168 1.5961084904381106 -0.5626672735462869
v -2.430520727257227 0.5486718015032501 -0.562667364035075
v -2.430520790904483 0.5486717873929932 1.6248326359649243
v 0.4472878602523609 1.5961084763278537 1.6248327264537128
v -2.430520790904483 0.5486717873929932 1.6248326359649243
v 0.4472878602523609 1.5961084763278537 1.6248327264537128
vt 1 1
vt 0 1
vt 0 1
vt 1 1
vt 1 1
vt 0 1
vt 0 1
vt 1 1
vt 1 1
vt 0 1
vt 0 1
vt 1 1
vt 1 1
vt 0 1
vt 0 1
vt 1 1
vt 1 1
vt 0 1
vt 0 0
vt 1 0
vt 0 0
vt 1 0
vt 1 1
vt 0 1
vn -0.939692620785908 -0.3420201433256687 -2.9547359418269252e-8
vn 2.909588835000793e-8 6.4504031520516546e-9 -0.9999999999999996
vn 0.939692620785908 0.3420201433256687 2.9547359418269252e-8
vn -2.909588835000793e-8 -6.4504031520516546e-9 0.9999999999999996
vn -0.3420201433256687 0.9396926207859085 -3.889983622927347e-9
vn 0.3420201433256687 -0.9396926207859085 3.889983622927347e-9
usemtl none
f 212/628/157 215/627/157 213/626/157 210/625/157
f 211/632/158 212/631/158 210/630/158 209/629/158
f 216/636/159 211/635/159 209/634/159 214/633/159
f 215/640/160 216/639/160 214/638/160 213/637/160
usemtl m_84216c0b-9175-efe8-e3ff-5c84a592797b
f 214/644/161 209/643/161 210/642/161 213/641/161
f 215/648/162 212/647/162 211/646/162 216/645/162
o cube
v 0.42590420160972897 1.7469133834966364 -0.37924449958206197
v -2.2589098179700864 1.1517044451668539 -0.37924458153844853
v 0.42590420160972897 1.7469133834966364 -0.37924449958206197
v -2.2589098179700864 1.1517044451668539 -0.37924458153844853
v -2.115483124619 0.5047481891237382 1.4414098712342485
v 0.569330894960816 1.099957127453521 1.441409953190635
v -2.115483124619 0.5047481891237382 1.4414098712342485
v 0.569330894960816 1.099957127453521 1.441409953190635
vt 1 1
vt 0 1
vt 0 1
vt 1 1
vt 1 1
vt 0 1
vt 0 1
vt 1 1
vt 1 1
vt 0 1
vt 0 1
vt 1 1
vt 1 1
vt 0 1
vt 0 1
vt 1 1
vt 1 1
vt 0 1
vt 0 0
vt 1 0
vt 0 0
vt 1 0
vt 1 1
vt 0 1
vn -0.976296007119933 -0.21643961393810285 -2.98023224015731e-8
vn -0.07402668043927078 0.33391290634483395 -0.9396926207859081
vn 0.976296007119933 0.21643961393810285 2.98023224015731e-8
vn 0.07402668043927078 -0.33391290634483395 0.9396926207859081
vn -0.20338671801476604 0.9174181513871804 0.34202014332566855
vn 0.20338671801476604 -0.9174181513871804 -0.34202014332566855
usemtl none
f 220/652/163 223/651/163 221/650/163 218/649/163
f 219/656/164 220/655/164 218/654/164 217/653/164
f 224/660/165 219/659/165 217/658/165 222/657/165
f 223/664/166 224/663/166 222/662/166 221/661/166
usemtl m_84216c0b-9175-efe8-e3ff-5c84a592797b
f 222/668/167 217/667/167 218/666/167 221/665/167
f 223/672/168 220/671/168 219/670/168 224/669/168
o cube
v 0.5249857699257887 1.2999853176404732 -0.4293794826515922
v -2.159828249654027 0.7047763793106907 -0.42937956460797877
v 0.5249857699257887 1.2999853176404732 -0.4293794826515922
v -2.159828249654027 0.7047763793106907 -0.42937956460797877
v -2.214564692935059 0.9516762549799012 1.4915448543037784
v 0.4702493266447565 1.5468851933096839 1.491544936260165
v -2.214564692935059 0.9516762549799012 1.4915448543037784
v 0.4702493266447565 1.5468851933096839 1.491544936260165
vt 1 1
vt 0 1
vt 0 1
vt 1 1
vt 1 1
vt 0 1
vt 0 1
vt 1 1
vt 1 1
vt 0 1
vt 0 1
vt 1 1
vt 1 1
vt 0 1
vt 0 1
vt 1 1
vt 1 1
vt 0 1
vt 0 0
vt 1 0
vt 0 0
vt 1 0
vt 1 1
vt 0 1
vn -0.976296007119933 -0.21643961393810288 -2.9802322408512e-8
vn 0.028251067499887567 -0.12743219389378624 -0.9914448613738099
vn 0.976296007119933 0.21643961393810288 2.9802322408512e-8
vn -0.028251067499887567 0.12743219389378624 0.9914448613738099
vn -0.21458793923888791 0.9679436602807735 -0.13052619222005146
vn 0.21458793923888791 -0.9679436602807735 0.13052619222005146
usemtl none
f 228/676/169 231/675/169 229/674/169 226/673/169
f 227/680/170 228/679/170 226/678/170 225/677/170
f 232/684/171 227/683/171 225/682/171 230/681/171
f 231/688/172 232/687/172 230/686/172 229/685/172
usemtl m_84216c0b-9175-efe8-e3ff-5c84a592797b
f 230/692/173 225/691/173 226/690/173 229/689/173
f 231/696/174 228/695/174 227/694/174 232/693/174
o cube
v 0.594435118260142 0.9867195376044051 -0.32820901783711565
v -2.090378901319674 0.3915105992746226 -0.3282090997935022
v 0.594435118260142 0.9867195376044051 -0.32820901783711565
v -2.090378901319674 0.3915105992746226 -0.3282090997935022
v -2.284014041269412 1.2649420350159681 1.390374389489302
v 0.4007999783104035 1.8601509733457506 1.3903744714456885
v -2.284014041269412 1.2649420350159681 1.390374389489302
v 0.4007999783104035 1.8601509733457506 1.3903744714456885
vt 1 1
vt 0 1
vt 0 1
vt 1 1
vt 1 1
vt 0 1
vt 0 1
vt 1 1
vt 1 1
vt 0 1
vt 0 1
vt 1 1
vt 1 1
vt 0 1
vt 0 1
vt 1 1
vt 1 1
vt 0 1
vt 0 0
vt 1 0
vt 0 0
vt 1 0
vt 1 1
vt 0 1
vn -0.9762960071199329 -0.21643961393810282 -2.98023224015731e-8
vn 0.09994071739341331 -0.4508033216729526 -0.8870108331782214
vn 0.9762960071199329 0.21643961393810282 2.98023224015731e-8
vn -0.09994071739341331 0.4508033216729526 0.8870108331782214
vn -0.19198426885702322 0.865985137682488 -0.46174861323503374
vn 0.19198426885702322 -0.865985137682488 0.46174861323503374
usemtl none
f 236/700/175 239/699/175 237/698/175 234/697/175
f 235/704/176 236/703/176 234/702/176 233/701/176
f 240/708/177 235/707/177 233/706/177 238/705/177
f 239/712/178 240/711/178 238/710/178 237/709/178
usemtl m_84216c0b-9175-efe8-e3ff-5c84a592797b
f 238/716/179 233/715/179 234/714/179 237/713/179
f 239/720/180 236/719/180 235/718/180 240/717/180
o cube
v 3.128489191070079 0.8326198171709054 -0.43766730860171965
