# Made in Blockbench 4.5.2
mtllib tree_1.mtl

o cube
v -0.33818689677828573 5.700000000000001 1.5254625111248958
v 0.33818689677828573 5.700000000000001 -1.5254625111248958
v -0.33818689677828573 -0.2999999999999998 1.5254625111248958
v 0.33818689677828573 -0.2999999999999998 -1.5254625111248958
v 0.33818689677828573 5.700000000000001 -1.5254625111248958
v -0.33818689677828573 5.700000000000001 1.5254625111248958
v 0.33818689677828573 -0.2999999999999998 -1.5254625111248958
v -0.33818689677828573 -0.2999999999999998 1.5254625111248958
vt 0 1
vt 0 1
vt 0 0
vt 0 0
vt 0 1
vt 1 1
vt 1 0
vt 0 0
vt 0 1
vt 0.74609375 1
vt 0.74609375 0
vt 0 0
vt 0 1
vt 1 1
vt 1 0
vt 0 0
vt 0 1
vt 0 1
vt 1 1
vt 1 1
vt 1 1
vt 1 1
vt 0 1
vt 0 1
vn 0.21643961393810288 0 -0.9762960071199334
vn 0.9762960071199334 0 0.21643961393810288
vn -0.21643961393810288 0 0.9762960071199334
vn -0.9762960071199334 0 -0.21643961393810288
vn 0 1 0
vn 0 -1 0
usemtl none
f 4/4/1 7/3/1 5/2/1 2/1/1
usemtl m_a1c73f71-e1c6-a36f-7924-dc3ee9331d92
f 3/8/2 4/7/2 2/6/2 1/5/2
usemtl none
f 8/12/3 3/11/3 1/10/3 6/9/3
usemtl m_a1c73f71-e1c6-a36f-7924-dc3ee9331d92
f 7/16/4 8/15/4 6/14/4 5/13/4
usemtl none
f 6/20/5 1/19/5 2/18/5 5/17/5
f 7/24/6 4/23/6 3/22/6 8/21/6
o cube
v 1.5625 5.700000000000001 0
v 1.5625 5.700000000000001 0
v 1.5625 -0.2999999999999998 0
v 1.5625 -0.2999999999999998 0
v -1.5625 5.700000000000001 0
v -1.5625 5.700000000000001 0
v -1.5625 -0.2999999999999998 0
v -1.5625 -0.2999999999999998 0
vt 0 1
vt 1 1
vt 1 0
vt 0 0
vt 0 1
vt 0 1
vt 0 0
vt 0 0
vt 0 1
vt 1 1
vt 1 0
vt 0 0
vt 0 1
vt 0 1
vt 0 0
vt 0 0
vt 0 1
vt 1 1
vt 1 1
vt 0 1
vt 0 1
vt 1 1
vt 1 1
vt 0 1
vn 0 0 -1
vn 1 0 0
vn 0 0 1
vn -1 0 0
vn 0 1 0
vn 0 -1 0
usemtl m_a1c73f71-e1c6-a36f-7924-dc3ee9331d92
f 12/28/7 15/27/7 13/26/7 10/25/7
usemtl none
f 11/32/8 12/31/8 10/30/8 9/29/8
usemtl m_a1c73f71-e1c6-a36f-7924-dc3ee9331d92
f 16/36/9 11/35/9 9/34/9 14/33/9
usemtl none
f 15/40/10 16/39/10 14/38/10 13/37/10
f 14/44/11 9/43/11 10/42/11 13/41/11
f 15/48/12 12/47/12 11/46/12 16/45/12
o cube
v 1.4161059172447654 5.700000000000001 0.6603410339698428
v 1.4161059172447654 5.700000000000001 0.6603410339698428
v 1.4161059172447654 -0.2999999999999998 0.6603410339698428
v 1.4161059172447654 -0.2999999999999998 0.6603410339698428
v -1.4161059172447654 5.700000000000001 -0.6603410339698429
v -1.4161059172447654 5.700000000000001 -0.6603410339698429
v -1.4161059172447654 -0.2999999999999998 -0.6603410339698429
v -1.4161059172447654 -0.2999999999999998 -0.6603410339698429
vt 0 1
vt 1 1
vt 1 0
vt 0 0
vt 0 1
vt 0 1
vt 0 0
vt 0 0
vt 0 1
vt 1 1
vt 1 0
vt 0 0
vt 0 1
vt 0 1
vt 0 0
vt 0 0
vt 0 1
vt 1 1
vt 1 1
vt 0 1
vt 0 1
vt 1 1
vt 1 1
vt 0 1
vn 0.42261826174069944 0 -0.9063077870366499
vn 0.9063077870366499 0 0.42261826174069944
vn -0.42261826174069944 0 0.9063077870366499
vn -0.9063077870366499 0 -0.42261826174069944
vn 0 1 0
vn 0 -1 0
usemtl m_a1c73f71-e1c6-a36f-7924-dc3ee9331d92
f 20/52/13 23/51/13 21/50/13 18/49/13
usemtl none
f 19/56/14 20/55/14 18/54/14 17/53/14
usemtl m_a1c73f71-e1c6-a36f-7924-dc3ee9331d92
f 24/60/15 19/59/15 17/58/15 22/57/15
usemtl none
f 23/64/16 24/63/16 22/62/16 21/61/16
f 22/68/17 17/67/17 18/66/17 21/65/17
f 23/72/18 20/71/18 19/70/18 24/69/18
o cube
v 0.5344064739463574 5.700000000000001 1.468269719977982
v -0.5344064739463573 5.700000000000001 -1.468269719977982
v 0.5344064739463574 -0.2999999999999998 1.468269719977982
v -0.5344064739463573 -0.2999999999999998 -1.468269719977982
v -0.5344064739463573 5.700000000000001 -1.468269719977982
v 0.5344064739463574 5.700000000000001 1.468269719977982
v -0.5344064739463573 -0.2999999999999998 -1.468269719977982
v 0.5344064739463574 -0.2999999999999998 1.468269719977982
vt 0 1
vt 0 1
vt 0 0
vt 0 0
vt 0 1
vt 1 1
vt 1 0
vt 0 0
vt 0 1
vt 0.74609375 1
vt 0.74609375 0
vt 0 0
vt 0 1
vt 1 1
vt 1 0
vt 0 0
vt 0 1
vt 0 1
vt 1 1
vt 1 1
vt 1 1
vt 1 1
vt 0 1
vt 0 1
vn -0.34202014332566866 0 -0.9396926207859084
vn 0.9396926207859084 0 -0.34202014332566866
vn 0.34202014332566866 0 0.9396926207859084
vn -0.9396926207859084 0 0.34202014332566866
vn 0 1 0
vn 0 -1 0
usemtl m_a1c73f71-e1c6-a36f-7924-dc3ee9331d92
f 28/76/19 31/75/19 29/74/19 26/73/19
f 27/80/20 28/79/20 26/78/20 25/77/20
usemtl none
f 32/84/21 27/83/21 25/82/21 30/81/21
usemtl m_a1c73f71-e1c6-a36f-7924-dc3ee9331d92
f 31/88/22 32/87/22 30/86/22 29/85/22
usemtl none
f 30/92/23 25/91/23 26/90/23 29/89/23
f 31/96/24 28/95/24 27/94/24 32/93/24
o cube
v 1.1048543456039803 5.700000000000001 1.1048543456039805
v 1.1048543456039803 5.700000000000001 1.1048543456039805
v 1.1048543456039803 -0.2999999999999998 1.1048543456039805
v 1.1048543456039803 -0.2999999999999998 1.1048543456039805
v -1.1048543456039803 5.700000000000001 -1.1048543456039805
v -1.1048543456039803 5.700000000000001 -1.1048543456039805
v -1.1048543456039803 -0.2999999999999998 -1.1048543456039805
v -1.1048543456039803 -0.2999999999999998 -1.1048543456039805
vt 0 1
vt 1 1
vt 1 0
vt 0 0
vt 0 1
vt 0 1
vt 0 0
vt 0 0
vt 0 1
vt 1 1
vt 1 0
vt 0 0
vt 0 1
vt 0 1
vt 0 0
vt 0 0
vt 0 1
vt 1 1
vt 1 1
vt 0 1
vt 0 1
vt 1 1
vt 1 1
vt 0 1
vn 0.7071067811865476 0 -0.7071067811865475
vn 0.7071067811865475 0 0.7071067811865476
vn -0.7071067811865476 0 0.7071067811865475
vn -0.7071067811865475 0 -0.7071067811865476
vn 0 1 0
vn 0 -1 0
usemtl m_a1c73f71-e1c6-a36f-7924-dc3ee9331d92
f 36/100/25 39/99/25 37/98/25 34/97/25
usemtl none
f 35/104/26 36/103/26 34/102/26 33/101/26
usemtl m_a1c73f71-e1c6-a36f-7924-dc3ee9331d92
f 40/108/27 35/107/27 33/106/27 38/105/27
f 39/112/28 40/111/28 38/110/28 37/109/28
usemtl none
f 38/116/29 33/115/29 34/114/29 37/113/29
f 39/120/30 36/119/30 35/118/30 40/117/30
o cube
v 1.3177991340826338 5.700000000000001 -0.8395306380419122
v 1.3177991340826338 5.700000000000001 -0.8395306380419122
v 1.3177991340826338 -0.2999999999999998 -0.8395306380419122
v 1.3177991340826338 -0.2999999999999998 -0.8395306380419122
v -1.3177991340826338 5.700000000000001 0.8395306380419121
v -1.3177991340826338 5.700000000000001 0.8395306380419121
v -1.3177991340826338 -0.2999999999999998 0.8395306380419121
v -1.3177991340826338 -0.2999999999999998 0.8395306380419121
vt 0 1
vt 1 1
vt 1 0
vt 0 0
vt 0 1
vt 0 1
vt 0 0
vt 0 0
vt 0 1
vt 1 1
vt 1 0
vt 0 0
vt 0 1
vt 0 1
vt 0 0
vt 0 0
vt 1 1
vt 0 1
vt 0 1
vt 1 1
vt 1 1
vt 0 1
vt 0 1
vt 1 1
vn -0.5372996083468238 0 -0.8433914458128857
vn 0.8433914458128857 0 -0.5372996083468238
vn 0.5372996083468238 0 0.8433914458128857
vn -0.8433914458128857 0 0.5372996083468238
vn 0 1 0
vn 0 -1 0
usemtl m_a1c73f71-e1c6-a36f-7924-dc3ee9331d92
f 44/124/31 47/123/31 45/122/31 42/121/31
usemtl none
f 43/128/32 44/127/32 42/126/32 41/125/32
usemtl m_a1c73f71-e1c6-a36f-7924-dc3ee9331d92
f 48/132/33 43/131/33 41/130/33 46/129/33
usemtl none
f 47/136/34 48/135/34 46/134/34 45/133/34
f 46/140/35 41/139/35 42/138/35 45/137/35
f 47/144/36 44/143/36 43/142/36 48/141/36
o cube
v -0.8395306380419122 5.700000000000001 1.3177991340826338
v 0.8395306380419121 5.700000000000001 -1.3177991340826338
v -0.8395306380419122 -0.2999999999999998 1.3177991340826338
v 0.8395306380419121 -0.2999999999999998 -1.3177991340826338
v 0.8395306380419121 5.700000000000001 -1.3177991340826338
v -0.8395306380419122 5.700000000000001 1.3177991340826338
v 0.8395306380419121 -0.2999999999999998 -1.3177991340826338
v -0.8395306380419122 -0.2999999999999998 1.3177991340826338
vt 0 1
vt 0 1
vt 0 0
vt 0 0
vt 0 1
vt 1 1
vt 1 0
vt 0 0
vt 0 1
vt 1 1
vt 1 0
vt 0 0
vt 0 1
vt 1 1
vt 1 0
vt 0 0
vt 0 1
vt 0 1
vt 1 1
vt 1 1
vt 1 1
vt 1 1
vt 0 1
vt 0 1
vn 0.5372996083468238 0 -0.8433914458128857
vn 0.8433914458128857 0 0.5372996083468238
vn -0.5372996083468238 0 0.8433914458128857
vn -0.8433914458128857 0 -0.5372996083468238
vn 0 1 0
vn 0 -1 0
usemtl m_a1c73f71-e1c6-a36f-7924-dc3ee9331d92
f 52/148/37 55/147/37 53/146/37 50/145/37
f 51/152/38 52/151/38 50/150/38 49/149/38
usemtl none
f 56/156/39 51/155/39 49/154/39 54/153/39
usemtl m_a1c73f71-e1c6-a36f-7924-dc3ee9331d92
f 55/160/40 56/159/40 54/158/40 53/157/40
usemtl none
f 54/164/41 49/163/41 50/162/41 53/161/41
f 55/168/42 52/167/42 51/166/42 56/165/42
o cube
v 0.33818689677828573 5.700000000000001 1.5254625111248958
v -0.33818689677828573 5.700000000000001 -1.5254625111248958
v 0.33818689677828573 -0.2999999999999998 1.5254625111248958
v -0.33818689677828573 -0.2999999999999998 -1.5254625111248958
v -0.33818689677828573 5.700000000000001 -1.5254625111248958
v 0.33818689677828573 5.700000000000001 1.5254625111248958
v -0.33818689677828573 -0.2999999999999998 -1.5254625111248958
v 0.33818689677828573 -0.2999999999999998 1.5254625111248958
vt 0 1
vt 0 1
vt 0 0
vt 0 0
vt 0 1
vt 1 1
vt 1 0
vt 0 0
vt 0 1
vt 0.74609375 1
vt 0.74609375 0
vt 0 0
vt 0 1
vt 1 1
vt 1 0
vt 0 0
vt 0 1
vt 0 1
vt 1 1
vt 1 1
vt 1 1
vt 1 1
vt 0 1
vt 0 1
vn -0.21643961393810288 0 -0.9762960071199334
vn 0.9762960071199334 0 -0.21643961393810288
vn 0.21643961393810288 0 0.9762960071199334
vn -0.9762960071199334 0 0.21643961393810288
vn 0 1 0
vn 0 -1 0
usemtl none
f 60/172/43 63/171/43 61/170/43 58/169/43
usemtl m_a1c73f71-e1c6-a36f-7924-dc3ee9331d92
f 59/176/44 60/175/44 58/174/44 57/173/44
usemtl none
f 64/180/45 59/179/45 57/178/45 62/177/45
usemtl m_a1c73f71-e1c6-a36f-7924-dc3ee9331d92
f 63/184/46 64/183/46 62/182/46 61/181/46
usemtl none
f 62/188/47 57/187/47 58/186/47 61/185/47
f 63/192/48 60/191/48 59/190/48 64/189/48